// tokID	docID	count
149	409	1
0	1	1
162	478	1
70	343	2
70	478	1
70	372	1
70	477	1
70	141	1
70	140	1
70	371	1
70	66	1
70	497	1
70	344	2
70	352	1
70	529	1
70	530	1
157	439	1
143	393	1
143	66	1
123	398	1
123	397	1
123	396	1
123	40	1
123	27	1
123	390	1
123	45	1
29	425	1
29	107	1
178	58	2
178	57	2
59	127	1
59	128	1
163	481	1
163	480	1
163	483	1
114	253	1
144	394	1
110	246	1
110	247	1
147	403	1
147	404	1
73	144	1
125	274	1
125	273	1
3	1	4
3	139	1
3	2	2
3	4	2
3	5	6
3	6	3
3	9	1
3	10	4
3	40	1
3	41	1
3	11	2
3	46	2
3	47	1
3	15	1
3	16	1
3	25	2
3	26	1
3	328	1
3	329	1
164	502	1
1	1	10
1	2	2
1	3	1
1	4	2
1	5	1
1	6	4
1	9	4
1	10	5
1	11	1
1	12	3
1	13	2
1	14	1
1	21	1
1	20	1
1	23	1
1	25	2
1	27	1
1	26	1
1	31	1
1	30	2
1	39	1
1	42	2
1	524	1
1	525	2
1	40	7
1	526	3
1	41	2
1	527	3
1	521	1
1	522	1
1	533	2
1	49	2
1	48	2
1	540	1
1	207	1
1	70	1
1	65	1
1	66	1
1	77	1
1	78	3
1	79	3
1	75	1
1	322	1
1	81	7
1	80	6
1	82	2
1	321	1
1	328	5
1	329	5
1	111	1
1	112	1
76	529	1
76	528	1
76	520	1
76	521	1
76	150	1
64	410	1
64	411	1
64	408	2
64	409	2
64	201	1
64	202	1
64	403	2
64	131	1
64	130	1
64	466	1
64	404	3
64	195	2
64	465	1
64	405	1
64	194	1
64	463	1
64	462	1
64	221	1
64	222	2
64	223	4
64	216	1
64	21	1
64	262	2
64	20	1
64	217	1
64	457	1
64	456	3
64	261	2
64	454	1
64	213	1
64	453	2
64	214	3
64	171	1
64	510	3
64	511	2
64	512	1
64	513	2
64	514	2
64	515	2
64	172	1
64	226	3
64	225	2
64	224	2
64	255	1
64	250	2
64	251	2
64	297	2
64	298	1
146	400	1
15	102	2
15	103	1
15	443	1
15	101	7
15	444	1
15	99	1
15	283	1
15	433	1
15	468	1
15	108	1
15	469	1
15	109	1
15	167	2
15	13	1
15	166	2
15	284	1
15	250	5
15	249	3
15	93	1
15	92	1
151	420	1
41	275	3
41	274	3
41	278	2
41	277	6
41	276	7
41	283	11
41	282	8
41	281	2
41	280	1
41	284	5
41	258	7
41	259	5
41	256	7
41	257	6
41	262	1
41	263	3
41	260	3
41	261	2
41	264	1
41	265	1
41	270	8
41	271	5
41	269	2
41	516	3
41	304	3
41	512	7
41	513	1
41	514	2
41	311	1
41	515	3
41	288	3
41	289	4
41	290	12
41	291	8
41	292	2
41	296	1
41	297	1
41	298	3
41	299	3
41	300	2
41	302	1
41	303	5
41	350	1
41	119	1
41	118	1
41	410	3
41	411	11
41	408	10
41	409	3
41	138	1
41	414	1
41	141	2
41	415	1
41	140	1
41	412	5
41	143	1
41	413	1
41	142	2
41	403	3
41	406	3
41	407	9
41	404	3
41	405	5
41	152	5
41	153	5
41	154	5
41	155	2
41	156	5
41	157	6
41	158	2
41	159	1
41	144	1
41	145	3
41	146	3
41	147	6
41	148	2
41	149	2
41	150	3
41	151	3
41	171	4
41	170	6
41	169	6
41	168	2
41	444	1
41	173	3
41	163	4
41	162	4
41	161	3
41	160	2
41	167	1
41	166	1
41	165	2
41	164	2
41	190	1
41	188	1
41	189	2
41	178	2
41	416	1
41	419	1
41	176	6
41	177	6
41	182	3
41	183	1
41	180	2
41	181	5
41	207	2
41	206	1
41	201	1
41	200	2
41	196	3
41	199	2
41	198	3
41	466	1
41	193	6
41	192	4
41	464	1
41	195	2
41	194	6
41	463	2
41	220	9
41	462	1
41	221	6
41	461	2
41	222	2
41	460	4
41	223	2
41	459	8
41	216	7
41	458	13
41	217	9
41	457	3
41	218	4
41	219	11
41	212	9
41	213	7
41	214	4
41	215	4
41	208	1
41	211	5
41	509	1
41	510	1
41	501	3
41	502	6
41	227	4
41	226	11
41	225	7
41	224	5
41	254	9
41	255	5
41	252	10
41	253	10
41	250	4
41	251	9
166	509	1
33	275	4
33	274	1
33	273	3
33	279	6
33	278	4
33	277	6
33	276	9
33	283	3
33	282	5
33	281	1
33	280	1
33	13	1
33	286	3
33	285	1
33	17	2
33	256	2
33	18	2
33	20	1
33	269	2
33	305	1
33	304	1
33	514	1
33	515	1
33	313	1
33	312	1
33	319	3
33	289	3
33	290	4
33	291	2
33	529	1
33	292	5
33	293	3
33	295	2
33	296	3
33	297	2
33	343	1
33	342	1
33	341	1
33	338	2
33	336	2
33	348	1
33	347	2
33	346	1
33	345	1
33	326	2
33	324	1
33	325	2
33	322	2
33	320	3
33	321	4
33	334	2
33	335	1
33	333	4
33	330	2
33	331	1
33	372	4
33	374	2
33	371	1
33	370	1
33	111	1
33	383	6
33	108	1
33	109	1
33	377	1
33	378	5
33	357	1
33	352	1
33	127	2
33	129	1
33	400	1
33	130	3
33	407	1
33	394	2
33	393	2
33	154	1
33	155	1
33	399	2
33	156	2
33	398	1
33	157	1
33	387	2
33	385	3
33	384	8
33	149	3
33	150	3
33	388	3
33	440	1
33	171	2
33	170	3
33	169	2
33	168	1
33	444	1
33	175	5
33	174	2
33	173	1
33	163	1
33	433	1
33	162	1
33	434	1
33	435	2
33	160	3
33	167	6
33	437	1
33	166	4
33	438	1
33	165	2
33	439	1
33	164	3
33	429	4
33	428	1
33	430	2
33	417	1
33	178	1
33	176	2
33	418	1
33	177	1
33	478	1
33	205	1
33	204	1
33	477	2
33	206	1
33	474	1
33	200	2
33	472	4
33	203	4
33	202	2
33	470	5
33	471	4
33	468	2
33	469	2
33	198	2
33	466	1
33	464	4
33	195	1
33	465	2
33	463	1
33	220	4
33	221	7
33	222	3
33	223	8
33	216	8
33	217	4
33	218	2
33	219	2
33	212	13
33	213	7
33	214	9
33	215	7
33	210	2
33	211	11
33	239	1
33	238	2
33	237	1
33	236	4
33	235	3
33	234	2
33	233	5
33	232	12
33	231	8
33	501	1
33	230	10
33	502	1
33	229	5
33	228	6
33	227	9
33	225	4
33	224	2
33	252	3
33	494	1
33	489	1
33	250	2
33	488	5
33	251	4
33	491	2
33	248	2
33	490	2
33	249	1
33	485	4
33	246	1
33	484	3
33	247	1
33	487	3
33	244	1
33	486	2
33	242	7
33	480	2
33	243	5
111	248	1
42	275	2
42	274	3
42	273	1
42	272	3
42	279	2
42	278	7
42	277	8
42	276	4
42	283	14
42	282	9
42	281	3
42	280	3
42	285	1
42	284	5
42	258	4
42	259	7
42	256	4
42	257	6
42	262	2
42	260	6
42	261	5
42	266	1
42	270	7
42	271	7
42	269	1
42	304	1
42	512	1
42	513	1
42	515	2
42	288	2
42	289	4
42	290	6
42	291	4
42	292	1
42	298	2
42	299	1
42	303	6
42	119	1
42	118	1
42	127	2
42	126	2
42	410	3
42	411	5
42	136	1
42	408	4
42	409	3
42	138	1
42	414	1
42	141	1
42	415	1
42	140	1
42	412	4
42	143	2
42	413	2
42	142	2
42	403	4
42	406	5
42	407	4
42	404	4
42	405	9
42	153	3
42	154	2
42	156	1
42	157	2
42	146	1
42	147	6
42	148	2
42	149	1
42	150	4
42	151	4
42	171	5
42	170	2
42	169	2
42	444	1
42	175	8
42	174	12
42	173	8
42	172	4
42	163	1
42	161	1
42	160	1
42	167	2
42	166	2
42	165	1
42	164	2
42	190	1
42	188	2
42	416	1
42	176	6
42	177	4
42	182	3
42	183	2
42	180	2
42	181	3
42	207	3
42	206	2
42	200	2
42	197	2
42	196	1
42	199	4
42	198	5
42	466	1
42	193	2
42	192	1
42	464	1
42	195	1
42	465	1
42	194	2
42	463	1
42	220	7
42	221	5
42	461	5
42	222	2
42	460	5
42	223	1
42	459	6
42	216	10
42	458	14
42	217	10
42	457	5
42	218	7
42	219	7
42	212	6
42	213	5
42	214	5
42	215	6
42	208	1
42	211	5
42	509	1
42	510	1
42	501	2
42	502	5
42	227	3
42	226	10
42	225	7
42	224	4
42	254	5
42	255	2
42	252	7
42	253	8
42	250	2
42	251	4
134	326	1
105	284	2
105	256	3
105	257	4
105	305	2
105	239	2
105	304	7
105	238	4
105	514	3
105	515	3
105	524	1
105	502	1
105	288	1
105	289	2
105	290	5
105	291	5
105	250	9
105	292	9
105	293	13
105	248	9
105	294	12
105	249	14
105	295	2
105	246	12
105	296	4
105	297	7
105	247	14
105	298	4
105	244	6
105	299	2
105	245	3
105	242	1
105	243	6
105	240	6
105	303	2
105	241	1
2	1	14
2	2	13
2	3	11
2	4	10
2	5	13
2	6	8
2	7	14
2	8	15
2	9	13
2	10	15
2	11	7
2	12	12
2	13	6
2	14	4
2	15	7
2	16	4
2	19	7
2	18	2
2	21	4
2	20	9
2	23	5
2	22	2
2	25	4
2	24	4
2	27	1
2	26	2
2	29	2
2	31	1
2	30	1
2	34	2
2	517	1
2	518	5
2	32	2
2	519	8
2	33	3
2	512	1
2	40	2
2	41	3
2	520	4
2	46	8
2	47	6
2	319	1
2	44	2
2	318	1
2	45	3
2	535	1
2	534	1
2	541	3
2	540	7
2	62	1
2	61	1
2	65	1
2	66	1
2	76	2
2	75	3
2	81	1
2	332	1
2	333	1
2	90	4
2	102	5
2	103	4
2	101	2
2	99	1
2	371	1
2	110	4
2	111	2
2	383	2
2	109	3
2	382	2
2	119	2
2	118	7
2	117	9
2	116	7
2	115	1
2	114	12
2	353	1
2	113	12
2	354	1
2	112	6
2	124	5
2	123	4
2	120	2
2	137	3
2	136	5
2	139	9
2	138	4
2	141	2
2	140	1
2	132	1
2	135	7
2	134	5
2	145	2
2	146	1
2	162	1
2	161	2
2	160	2
2	166	1
2	165	1
2	185	1
2	183	1
2	204	1
2	207	1
2	476	1
2	475	1
2	203	1
2	196	1
2	468	1
2	469	1
2	208	1
2	509	2
2	237	2
2	510	2
2	236	1
2	511	1
2	235	1
2	501	1
2	502	1
8	10	5
8	11	3
8	12	3
8	13	3
8	25	2
8	26	4
8	28	1
8	516	2
8	517	3
8	512	1
8	39	1
8	513	2
8	514	1
8	515	3
8	42	5
8	524	8
8	43	6
8	525	12
8	527	4
8	46	9
8	520	1
8	47	8
8	44	8
8	45	10
8	523	3
8	51	4
8	533	5
8	50	7
8	532	5
8	49	8
8	535	8
8	48	5
8	534	9
8	55	6
8	529	6
8	528	10
8	54	7
8	53	6
8	531	9
8	52	2
8	530	3
8	59	2
8	541	1
8	58	3
8	57	3
8	56	2
8	537	1
8	62	2
8	536	1
8	539	2
8	60	3
8	538	2
8	68	5
8	70	2
8	71	1
8	64	1
8	65	3
8	66	5
8	67	8
8	78	1
8	72	2
8	73	3
8	74	1
8	85	4
8	84	10
8	87	5
8	86	4
8	81	1
8	83	7
8	82	2
8	93	2
8	92	3
8	95	4
8	89	1
8	91	6
8	90	5
8	102	4
8	103	2
8	100	3
8	101	5
8	98	1
8	99	2
8	96	2
8	97	1
8	110	2
8	111	2
8	104	1
8	137	1
8	136	3
8	139	1
8	138	1
8	143	1
8	142	2
8	153	1
8	154	2
8	155	2
8	157	1
8	158	1
8	145	1
8	146	1
8	147	2
8	148	3
8	149	2
8	171	2
8	170	1
8	175	1
8	174	2
8	173	1
8	167	1
8	166	1
8	165	1
8	164	2
8	184	1
8	185	1
8	190	1
8	188	2
8	189	1
8	176	1
8	177	4
8	182	1
8	207	2
8	206	1
8	201	1
8	200	1
8	196	1
8	198	1
8	195	1
8	212	1
8	208	2
8	211	1
8	239	6
8	238	5
8	237	8
8	236	7
8	235	7
8	234	7
8	233	6
8	232	4
8	231	2
8	230	6
8	229	6
8	228	3
8	227	7
8	225	1
8	254	1
8	255	1
8	252	3
8	251	2
8	249	1
8	246	7
8	247	6
8	244	1
8	245	5
8	242	2
8	243	2
8	240	1
8	241	1
8	256	2
8	257	2
8	305	11
8	304	5
8	307	2
8	306	10
8	309	1
8	308	1
8	288	6
8	289	9
8	290	6
8	291	8
8	292	5
8	293	1
8	294	2
8	295	2
8	297	2
8	298	3
8	299	1
8	302	1
8	303	2
8	372	1
8	371	1
8	353	1
8	354	1
8	414	4
8	415	3
8	413	3
8	402	1
8	403	4
8	400	1
8	401	2
8	406	6
8	407	3
8	404	8
8	405	4
8	395	1
8	396	1
8	440	4
8	441	12
8	442	7
8	434	3
8	435	9
8	436	5
8	437	4
8	438	5
8	439	2
8	417	1
8	416	3
8	419	5
8	418	8
8	420	5
8	476	1
8	470	1
8	468	2
8	469	3
8	464	3
8	463	3
8	461	1
8	460	1
8	459	2
8	458	5
8	457	4
8	456	9
8	455	1
8	451	7
8	450	8
8	504	2
8	505	2
8	506	1
8	501	5
8	502	4
131	297	1
131	298	1
6	1	1
6	2	3
6	3	3
6	13	8
6	14	8
6	15	1
6	16	1
6	21	1
6	23	8
6	22	1
6	25	3
6	24	13
6	27	16
6	26	5
6	29	6
6	28	8
6	31	2
6	30	6
6	34	4
6	517	2
6	35	2
6	518	5
6	32	3
6	519	6
6	33	2
6	38	6
6	39	5
6	36	14
6	37	16
6	524	3
6	42	2
6	525	3
6	43	2
6	526	9
6	40	5
6	527	13
6	41	3
6	520	2
6	46	2
6	521	2
6	47	7
6	522	1
6	44	2
6	523	5
6	45	1
6	533	4
6	532	5
6	535	9
6	49	1
6	534	6
6	55	5
6	529	11
6	54	13
6	528	6
6	531	2
6	53	9
6	530	19
6	59	1
6	541	17
6	540	24
6	537	5
6	536	5
6	539	20
6	538	12
6	68	2
6	70	1
6	65	4
6	66	2
6	67	4
6	76	1
6	77	1
6	78	2
6	79	3
6	72	2
6	73	3
6	74	2
6	87	4
6	86	1
6	80	3
6	83	6
6	82	5
6	93	2
6	92	5
6	95	4
6	89	3
6	88	4
6	91	2
6	90	4
6	102	7
6	103	6
6	100	3
6	101	6
6	98	2
6	99	1
6	96	9
6	97	9
6	110	6
6	111	1
6	108	3
6	106	2
6	107	4
6	104	3
6	118	4
6	117	4
6	114	2
6	113	2
6	137	3
6	136	5
6	139	1
6	138	2
6	141	3
6	140	4
6	143	8
6	142	2
6	135	2
6	152	3
6	153	10
6	154	5
6	155	7
6	156	7
6	157	3
6	158	1
6	159	1
6	144	4
6	145	3
6	146	1
6	147	1
6	148	3
6	149	3
6	150	4
6	151	1
6	171	1
6	170	7
6	169	6
6	168	1
6	175	3
6	174	6
6	173	3
6	160	2
6	167	1
6	165	3
6	164	3
6	186	1
6	187	1
6	184	14
6	185	8
6	190	4
6	188	2
6	189	1
6	178	1
6	179	1
6	176	1
6	182	3
6	183	6
6	181	1
6	207	6
6	206	2
6	201	1
6	200	1
6	203	3
6	202	1
6	197	4
6	196	11
6	199	3
6	198	4
6	192	1
6	195	8
6	194	1
6	212	1
6	213	5
6	214	5
6	208	24
6	209	20
6	210	1
6	211	2
6	225	1
6	224	1
6	254	1
6	255	1
6	248	1
6	247	1
6	242	1
6	306	1
6	313	10
6	312	5
6	315	16
6	314	17
6	317	18
6	316	16
6	319	10
6	318	15
6	295	1
6	343	8
6	342	3
6	341	11
6	340	23
6	339	21
6	338	9
6	337	2
6	336	4
6	351	9
6	350	3
6	349	2
6	348	1
6	347	1
6	346	2
6	345	4
6	344	6
6	326	11
6	327	9
6	324	11
6	325	9
6	322	8
6	323	17
6	320	12
6	321	6
6	334	6
6	335	7
6	332	7
6	333	8
6	330	5
6	331	10
6	328	5
6	329	5
6	373	12
6	372	15
6	375	13
6	374	7
6	369	7
6	368	4
6	371	14
6	370	11
6	381	14
6	380	9
6	383	8
6	382	8
6	377	7
6	376	7
6	379	22
6	378	6
6	356	4
6	357	1
6	358	2
6	359	3
6	352	8
6	353	4
6	354	7
6	355	3
6	364	8
6	365	10
6	366	3
6	367	9
6	360	1
6	361	1
6	362	5
6	363	5
6	414	1
6	415	1
6	413	1
6	387	7
6	386	3
6	385	4
6	384	6
6	388	4
6	416	1
6	478	22
6	479	14
6	476	19
6	477	30
6	474	15
6	475	16
6	472	10
6	473	16
6	470	7
6	471	11
6	469	1
6	467	1
6	500	13
6	501	13
6	502	8
6	503	3
6	496	15
6	497	7
6	498	4
6	499	9
6	493	21
6	492	13
6	495	17
6	494	16
6	489	12
6	488	11
6	491	16
6	490	12
6	485	9
6	484	7
6	487	18
6	486	17
6	481	20
6	480	14
6	483	12
6	482	16
4	1	11
4	2	5
4	4	2
4	5	7
4	6	8
4	7	3
4	8	2
4	9	10
4	10	13
4	11	20
4	12	16
4	13	9
4	14	12
4	15	9
4	17	7
4	16	15
4	19	13
4	18	3
4	21	10
4	20	10
4	23	11
4	22	16
4	25	16
4	24	11
4	27	13
4	26	19
4	29	10
4	28	8
4	31	11
4	30	14
4	34	11
4	517	3
4	35	8
4	518	8
4	32	16
4	519	13
4	33	10
4	512	8
4	38	10
4	513	1
4	39	12
4	36	11
4	37	10
4	524	4
4	42	5
4	525	3
4	43	6
4	526	9
4	40	10
4	527	9
4	41	9
4	520	10
4	46	21
4	47	15
4	44	10
4	523	2
4	45	17
4	533	5
4	51	2
4	532	2
4	50	3
4	535	10
4	49	7
4	534	4
4	48	10
4	55	5
4	529	9
4	54	13
4	528	9
4	531	5
4	53	13
4	530	6
4	52	2
4	59	5
4	541	11
4	58	4
4	540	22
4	57	4
4	56	2
4	63	2
4	537	8
4	62	9
4	536	11
4	61	4
4	539	21
4	60	4
4	538	9
4	68	5
4	69	2
4	70	2
4	71	3
4	64	2
4	65	5
4	66	6
4	67	10
4	76	7
4	77	14
4	78	19
4	79	13
4	72	8
4	73	6
4	74	13
4	75	19
4	85	2
4	84	3
4	87	5
4	86	5
4	81	11
4	80	13
4	83	7
4	82	8
4	93	6
4	92	8
4	95	9
4	89	6
4	88	3
4	91	7
4	90	3
4	102	6
4	103	8
4	100	7
4	101	6
4	98	8
4	99	6
4	96	12
4	97	17
4	110	16
4	111	16
4	108	12
4	109	10
4	106	17
4	107	15
4	104	11
4	105	13
4	119	5
4	118	11
4	117	9
4	116	5
4	114	11
4	113	19
4	112	23
4	124	3
4	123	4
4	122	5
4	120	1
4	137	11
4	136	10
4	139	9
4	138	12
4	141	7
4	140	3
4	143	2
4	142	4
4	129	1
4	128	1
4	131	5
4	130	4
4	133	2
4	132	3
4	135	3
4	152	4
4	153	3
4	154	1
4	155	8
4	156	15
4	157	5
4	158	1
4	159	1
4	144	7
4	145	6
4	146	5
4	147	4
4	148	7
4	149	4
4	150	4
4	151	2
4	171	8
4	170	13
4	169	5
4	168	1
4	175	10
4	174	7
4	173	3
4	172	2
4	162	3
4	161	5
4	160	2
4	167	5
4	166	7
4	165	7
4	164	9
4	186	12
4	187	2
4	184	14
4	185	15
4	190	3
4	191	1
4	188	5
4	189	5
4	178	8
4	179	10
4	176	2
4	177	2
4	182	4
4	183	8
4	180	6
4	181	6
4	205	13
4	204	14
4	207	10
4	206	5
4	201	5
4	200	1
4	203	15
4	202	9
4	197	11
4	196	19
4	199	9
4	198	10
4	193	3
4	192	2
4	195	12
4	194	4
4	217	1
4	212	2
4	213	9
4	214	9
4	208	19
4	209	16
4	210	1
4	211	5
4	232	1
4	230	1
4	227	3
4	225	1
4	254	1
4	255	1
4	248	1
4	247	1
4	313	13
4	312	6
4	315	18
4	314	15
4	317	14
4	316	20
4	319	14
4	318	7
4	295	1
4	343	2
4	342	9
4	341	12
4	340	7
4	339	6
4	338	3
4	337	1
4	336	2
4	351	6
4	350	4
4	349	7
4	348	11
4	347	11
4	346	7
4	345	12
4	344	6
4	326	10
4	327	11
4	324	7
4	325	9
4	322	9
4	323	14
4	320	23
4	321	10
4	334	10
4	335	6
4	332	14
4	333	10
4	330	2
4	331	10
4	328	7
4	329	5
4	373	15
4	372	19
4	375	12
4	374	7
4	369	10
4	368	15
4	371	17
4	370	9
4	381	12
4	380	6
4	383	5
4	382	19
4	377	5
4	376	10
4	379	2
4	378	2
4	356	15
4	357	17
4	358	15
4	359	17
4	352	9
4	353	2
4	354	6
4	355	9
4	364	8
4	365	12
4	366	7
4	367	17
4	360	17
4	361	7
4	362	10
4	363	6
4	414	1
4	415	1
4	413	1
4	393	1
4	392	2
4	387	1
4	385	1
4	384	4
4	390	3
4	389	3
4	388	1
4	424	1
4	426	4
4	416	1
4	422	1
4	478	28
4	479	17
4	476	8
4	477	23
4	474	2
4	475	2
4	472	4
4	473	9
4	470	6
4	471	3
4	468	1
4	469	1
4	466	1
4	467	1
4	465	1
4	508	1
4	509	4
4	510	2
4	511	6
4	500	10
4	501	14
4	502	7
4	503	2
4	496	7
4	497	4
4	498	6
4	499	11
4	493	15
4	492	9
4	495	9
4	494	12
4	489	12
4	488	12
4	491	11
4	490	10
4	485	7
4	484	6
4	487	17
4	486	14
4	481	23
4	480	14
4	483	10
4	482	13
141	375	1
17	68	15
17	69	14
17	70	8
17	64	3
17	66	8
17	67	16
17	72	1
17	87	1
17	86	1
17	158	5
17	102	6
17	103	2
17	375	1
17	101	1
17	526	1
17	521	1
17	376	1
17	522	1
17	533	1
17	492	1
17	532	1
17	529	2
17	55	12
17	54	7
17	530	2
17	59	5
17	58	7
17	57	12
17	56	6
17	63	7
17	242	1
17	62	22
17	61	20
17	241	1
17	60	11
21	103	4
21	511	1
21	138	1
21	110	4
21	111	3
21	108	1
21	109	3
21	106	1
21	133	4
21	107	1
21	132	3
21	104	13
21	134	1
21	105	10
21	119	1
21	118	2
22	137	8
22	136	6
22	408	1
22	139	2
22	409	1
22	138	7
22	141	4
22	140	3
22	142	1
22	406	1
22	133	4
22	407	1
22	132	1
22	135	3
22	405	1
22	134	6
22	384	1
22	150	1
22	517	1
22	518	3
22	519	1
22	512	3
22	444	1
22	513	1
22	174	2
22	310	1
22	520	1
22	293	1
22	188	1
22	294	1
22	189	1
22	541	2
22	180	1
22	181	1
22	204	1
22	339	1
22	338	1
22	468	1
22	466	1
22	464	1
22	345	1
22	463	2
22	462	1
22	461	1
22	460	1
22	81	1
22	457	1
22	82	1
22	93	3
22	92	1
22	95	1
22	94	1
22	452	1
22	451	2
22	509	1
22	103	2
22	510	1
22	511	3
22	369	1
22	99	1
22	381	1
22	110	8
22	501	1
22	380	1
22	111	11
22	108	2
22	109	3
22	228	1
22	106	1
22	227	1
22	107	2
22	226	1
22	104	3
22	225	1
22	119	6
22	118	4
22	117	2
22	116	1
22	353	1
22	114	1
22	354	1
22	113	4
22	112	5
22	127	1
22	126	2
22	125	1
22	124	5
22	123	5
22	242	1
22	361	1
22	122	7
22	362	1
22	121	4
22	120	6
22	241	1
24	285	1
24	284	1
24	17	4
24	16	1
24	18	3
24	22	1
24	309	2
24	311	1
24	310	4
24	315	1
24	316	1
24	303	2
24	338	1
24	326	1
24	85	1
24	327	2
24	86	1
24	93	1
24	335	1
24	92	1
24	95	2
24	94	2
24	330	3
24	328	1
24	103	1
24	372	1
24	371	1
24	370	1
24	383	1
24	377	2
24	104	1
24	378	3
24	119	7
24	127	2
24	126	3
24	125	4
24	124	2
24	121	1
24	120	6
24	410	2
24	411	1
24	408	5
24	409	5
24	141	1
24	140	1
24	412	1
24	413	1
24	129	3
24	131	1
24	130	4
24	133	5
24	132	2
24	407	1
24	134	4
24	145	2
24	146	3
24	384	1
24	149	1
24	150	3
24	151	1
24	186	1
24	187	2
24	428	1
24	188	1
24	189	1
24	177	1
24	182	1
24	205	1
24	206	1
24	472	1
24	471	2
24	468	8
24	466	5
24	467	13
24	220	1
24	221	3
24	462	3
24	222	2
24	461	5
24	460	1
24	218	1
24	219	1
24	212	2
24	449	2
24	510	1
24	505	1
24	506	1
24	500	1
24	496	1
24	498	2
24	493	1
24	495	1
24	494	3
24	491	1
24	249	1
24	244	2
24	245	1
132	326	1
132	325	1
132	319	1
10	137	1
10	136	1
10	138	1
10	143	1
10	142	1
10	131	2
10	305	1
10	175	1
10	174	1
10	521	1
10	523	1
10	541	1
10	297	1
10	540	1
10	298	1
10	197	2
10	196	1
10	77	2
10	78	8
10	79	10
10	74	3
10	75	5
10	85	2
10	220	1
10	84	5
10	87	3
10	222	1
10	86	3
10	223	1
10	81	7
10	80	6
10	83	8
10	456	1
10	82	12
10	93	1
10	92	6
10	95	4
10	453	1
10	94	1
10	452	1
10	89	4
10	88	5
10	91	10
10	90	8
10	102	2
10	103	6
10	100	4
10	101	2
10	98	4
10	99	6
10	97	4
10	500	2
10	111	1
10	501	2
10	108	4
10	228	1
10	227	2
10	107	3
10	104	3
10	105	1
10	114	2
10	248	1
10	247	1
14	102	11
14	103	3
14	100	1
14	237	1
14	101	6
14	98	1
14	99	2
14	110	1
14	163	1
14	468	2
14	109	1
14	469	2
14	132	1
14	498	1
14	164	2
14	529	1
14	528	1
12	12	2
12	13	2
12	27	5
12	26	4
12	29	9
12	28	7
12	31	5
12	30	5
12	34	5
12	516	3
12	35	1
12	517	1
12	518	1
12	32	3
12	519	1
12	33	5
12	38	6
12	512	1
12	39	13
12	513	1
12	36	7
12	37	7
12	515	2
12	524	1
12	42	1
12	525	5
12	43	1
12	526	3
12	40	8
12	527	2
12	41	2
12	520	1
12	46	6
12	521	1
12	47	2
12	522	1
12	44	3
12	523	1
12	45	8
12	533	1
12	51	2
12	50	4
12	535	3
12	49	4
12	534	5
12	48	2
12	529	6
12	54	4
12	528	4
12	531	3
12	53	5
12	530	2
12	52	1
12	59	2
12	541	1
12	58	2
12	537	2
12	539	2
12	538	2
12	68	2
12	69	1
12	70	1
12	65	3
12	66	1
12	67	3
12	76	1
12	77	1
12	78	2
12	79	1
12	73	2
12	74	4
12	75	3
12	84	1
12	87	2
12	86	1
12	80	3
12	83	1
12	82	2
12	93	1
12	92	1
12	95	3
12	89	2
12	88	2
12	91	3
12	90	3
12	102	1
12	103	1
12	100	2
12	101	6
12	96	2
12	97	1
12	110	3
12	111	5
12	104	1
12	136	4
12	139	2
12	138	4
12	141	3
12	140	1
12	143	1
12	142	2
12	154	1
12	155	2
12	157	2
12	158	5
12	145	2
12	146	1
12	147	3
12	148	4
12	149	2
12	150	2
12	151	1
12	169	1
12	175	1
12	174	2
12	173	1
12	167	1
12	166	1
12	165	1
12	164	2
12	190	1
12	188	1
12	189	2
12	182	1
12	207	6
12	206	1
12	201	1
12	200	1
12	196	2
12	195	2
12	216	2
12	212	1
12	208	5
12	211	1
12	239	5
12	238	6
12	237	4
12	236	5
12	235	7
12	234	9
12	233	13
12	232	8
12	231	5
12	230	13
12	229	15
12	228	6
12	227	6
12	225	1
12	255	1
12	252	3
12	250	3
12	251	2
12	249	3
12	246	10
12	247	8
12	244	2
12	245	5
12	242	3
12	243	5
12	240	1
12	241	2
12	256	2
12	257	1
12	305	7
12	304	4
12	307	14
12	306	16
12	309	8
12	308	5
12	311	7
12	310	9
12	312	2
12	288	3
12	289	4
12	290	7
12	291	10
12	292	9
12	293	2
12	294	2
12	295	2
12	296	2
12	297	2
12	298	4
12	299	3
12	302	2
12	303	3
12	414	1
12	415	1
12	413	2
12	402	11
12	403	4
12	400	11
12	401	15
12	407	1
12	405	1
12	395	11
12	394	16
12	393	14
12	392	6
12	399	8
12	398	13
12	397	15
12	396	13
12	391	2
12	390	8
12	389	7
12	445	5
12	446	10
12	447	2
12	432	11
12	433	6
12	434	1
12	435	2
12	436	1
12	437	1
12	425	4
12	424	8
12	427	4
12	426	8
12	429	1
12	428	4
12	431	5
12	430	1
12	416	1
12	421	10
12	423	12
12	422	13
12	470	1
12	468	4
12	469	3
12	467	1
12	464	1
12	463	1
12	459	3
12	458	4
12	457	3
12	456	8
12	455	4
12	454	1
12	451	8
12	450	11
12	449	4
12	448	3
12	509	1
12	510	1
12	501	3
12	502	4
168	511	1
168	512	2
16	2	3
16	3	6
16	4	4
16	5	1
16	6	2
16	7	12
16	8	13
16	9	7
16	11	5
16	12	3
16	13	1
16	14	5
16	15	6
16	17	5
16	16	12
16	19	6
16	18	3
16	21	4
16	20	3
16	23	14
16	22	9
16	25	10
16	24	13
16	26	11
16	29	2
16	31	1
16	30	4
16	516	3
16	34	3
16	517	8
16	35	7
16	518	2
16	519	3
16	512	1
16	513	1
16	514	5
16	515	5
16	524	6
16	520	6
16	46	2
16	521	7
16	47	5
16	522	10
16	523	8
16	535	2
16	49	3
16	48	6
16	541	2
16	62	1
16	536	2
16	61	1
16	66	1
16	67	1
16	84	2
16	81	4
16	80	5
16	83	7
16	82	7
16	93	1
16	92	2
16	95	1
16	89	1
16	91	6
16	90	2
16	102	1
16	103	3
16	101	1
16	98	1
16	96	1
16	97	2
16	110	9
16	111	7
16	108	7
16	109	6
16	106	4
16	107	11
16	104	2
16	119	1
16	118	7
16	117	1
16	114	5
16	113	5
16	112	2
16	127	4
16	126	4
16	125	5
16	124	7
16	123	1
16	122	1
16	137	5
16	136	7
16	139	1
16	138	4
16	141	4
16	140	3
16	143	5
16	142	7
16	129	5
16	128	4
16	131	2
16	130	5
16	133	6
16	132	5
16	135	1
16	134	4
16	152	11
16	153	9
16	154	10
16	155	8
16	156	12
16	157	7
16	158	9
16	159	3
16	144	9
16	145	6
16	146	9
16	147	3
16	148	6
16	149	9
16	150	14
16	151	10
16	170	1
16	169	2
16	168	3
16	163	12
16	162	8
16	161	6
16	160	3
16	167	8
16	166	9
16	165	11
16	164	7
16	186	1
16	187	2
16	184	3
16	185	2
16	188	3
16	189	3
16	182	3
16	183	3
16	180	2
16	181	7
16	204	2
16	203	1
16	220	1
16	222	7
16	223	2
16	219	1
16	212	2
16	211	1
16	239	4
16	238	4
16	232	2
16	228	1
16	227	1
16	225	2
16	254	9
16	255	11
16	242	4
16	273	7
16	272	5
16	279	3
16	278	2
16	283	7
16	282	9
16	281	14
16	280	6
16	287	2
16	286	3
16	285	10
16	284	8
16	258	13
16	259	14
16	256	8
16	257	15
16	262	4
16	263	5
16	260	13
16	261	9
16	266	12
16	267	9
16	264	7
16	265	13
16	270	9
16	271	6
16	268	5
16	269	7
16	305	10
16	304	8
16	307	12
16	306	8
16	309	15
16	308	12
16	311	7
16	310	9
16	312	2
16	288	7
16	289	6
16	290	2
16	291	1
16	293	2
16	294	3
16	295	11
16	296	4
16	297	4
16	298	9
16	299	11
16	300	4
16	301	9
16	302	16
16	303	12
16	336	1
16	349	3
16	348	3
16	334	6
16	335	5
16	332	1
16	333	1
16	369	1
16	382	1
16	357	1
16	358	1
16	352	2
16	355	2
16	365	1
16	408	2
16	414	4
16	415	1
16	402	3
16	403	6
16	400	5
16	401	1
16	406	2
16	404	2
16	405	2
16	395	13
16	394	8
16	393	9
16	392	8
16	399	3
16	398	2
16	397	1
16	396	3
16	391	6
16	390	8
16	389	8
16	441	1
16	442	1
16	445	9
16	446	19
16	447	12
16	432	4
16	433	6
16	434	3
16	425	7
16	424	11
16	427	5
16	426	9
16	429	1
16	428	6
16	431	2
16	430	2
16	417	1
16	416	1
16	418	1
16	421	5
16	423	10
16	422	4
16	468	6
16	466	3
16	467	9
16	464	4
16	465	4
16	463	2
16	462	3
16	461	5
16	460	3
16	457	4
16	456	6
16	455	3
16	454	6
16	453	7
16	452	9
16	451	4
16	450	2
16	449	4
16	448	13
16	508	2
16	509	7
16	510	9
16	511	3
16	507	1
16	500	7
16	501	6
16	502	3
16	497	3
16	498	6
16	499	8
16	489	1
16	490	1
179	85	1
179	86	1
75	277	1
75	276	1
75	167	1
75	193	1
75	166	1
75	192	1
75	225	1
75	224	1
75	254	1
75	218	1
75	219	1
75	149	1
75	150	1
43	266	1
43	267	1
43	291	1
43	292	1
43	295	1
43	342	4
43	341	5
43	350	1
43	349	5
43	348	5
43	347	12
43	346	11
43	345	13
43	344	4
43	119	1
43	118	1
43	352	5
43	353	1
43	354	4
43	127	1
43	126	1
43	125	2
43	123	5
43	122	4
43	121	1
43	120	2
43	138	2
43	140	3
43	128	1
43	400	2
43	131	2
43	401	1
43	130	2
43	133	5
43	135	1
43	134	4
43	395	3
43	152	2
43	394	3
43	393	6
43	154	3
43	392	1
43	155	4
43	399	1
43	156	2
43	398	1
43	157	2
43	396	3
43	144	1
43	145	4
43	146	7
43	147	10
43	148	4
43	149	6
43	390	2
43	150	4
43	151	2
43	171	4
43	170	1
43	169	1
43	168	4
43	172	4
43	163	5
43	161	1
43	167	5
43	166	1
43	165	2
43	164	11
43	425	5
43	424	4
43	187	2
43	427	2
43	426	2
43	190	1
43	191	3
43	188	9
43	189	7
43	417	1
43	182	4
43	423	1
43	205	9
43	204	15
43	207	8
43	206	2
43	201	2
43	200	9
43	203	8
43	197	2
43	196	1
43	199	5
43	198	3
43	192	1
43	195	1
43	220	2
43	221	1
43	222	3
43	223	1
43	216	1
43	217	1
43	219	1
43	212	8
43	213	11
43	214	2
43	208	7
43	449	1
43	210	2
43	211	11
43	227	4
43	226	1
43	225	1
43	255	3
43	252	1
43	251	1
169	513	1
68	207	1
68	139	2
68	138	1
68	400	1
68	466	1
68	464	1
68	463	1
68	395	1
68	154	1
68	393	1
68	155	1
68	392	1
68	399	2
68	458	1
68	457	1
68	158	1
68	397	1
68	396	2
68	92	1
68	147	1
68	148	1
68	91	1
68	238	1
68	307	1
68	99	1
68	39	1
68	308	1
68	311	1
68	432	1
68	501	1
68	433	1
68	502	1
68	40	2
68	41	1
68	44	1
68	45	1
68	533	1
68	534	2
68	428	1
68	531	1
68	530	1
68	540	1
68	421	1
68	539	1
30	516	5
30	518	1
30	519	1
30	512	3
30	513	3
30	514	2
30	515	4
30	83	1
30	82	1
30	109	1
30	107	1
30	117	1
30	116	1
30	127	2
30	126	4
30	125	2
30	123	2
30	122	4
30	137	3
30	136	1
30	139	1
30	138	2
30	141	1
30	140	1
30	143	6
30	142	3
30	131	1
30	130	1
30	133	1
30	134	1
30	154	1
30	156	2
30	157	4
30	158	1
30	144	8
30	145	3
30	146	5
30	147	8
30	148	4
30	149	5
30	150	5
30	151	3
30	171	5
30	170	7
30	169	6
30	168	4
30	175	2
30	174	2
30	173	1
30	172	1
30	163	2
30	167	4
30	166	2
30	165	5
30	164	6
30	187	2
30	190	2
30	191	1
30	188	4
30	189	1
30	179	1
30	176	2
30	177	2
30	182	2
30	183	2
30	180	2
30	181	4
30	204	1
30	207	9
30	206	3
30	201	4
30	200	12
30	203	10
30	202	7
30	197	7
30	196	3
30	199	8
30	198	7
30	195	3
30	194	1
30	220	8
30	221	6
30	222	8
30	223	4
30	216	8
30	217	6
30	218	6
30	219	9
30	212	11
30	213	9
30	214	7
30	215	9
30	208	9
30	210	2
30	211	11
30	227	3
30	226	10
30	225	7
30	224	6
30	254	3
30	255	2
30	252	7
30	253	9
30	250	1
30	251	7
30	275	5
30	274	3
30	273	3
30	279	8
30	278	16
30	277	15
30	276	8
30	282	2
30	281	2
30	280	1
30	286	1
30	285	1
30	258	5
30	259	2
30	256	3
30	257	7
30	263	5
30	260	1
30	261	2
30	266	2
30	267	2
30	264	1
30	265	1
30	270	8
30	271	4
30	268	2
30	269	3
30	309	4
30	308	8
30	311	1
30	289	1
30	290	4
30	291	9
30	292	8
30	293	2
30	294	1
30	295	1
30	296	1
30	297	1
30	298	2
30	299	1
30	302	1
30	303	1
30	342	1
30	349	2
30	348	2
30	345	2
30	334	4
30	369	1
30	352	1
30	353	1
30	354	1
30	410	3
30	411	4
30	408	8
30	409	5
30	414	1
30	412	4
30	413	3
30	403	2
30	406	7
30	407	11
30	404	7
30	405	7
30	393	2
30	392	1
30	397	1
30	396	1
30	444	4
30	445	5
30	424	1
30	426	1
30	416	1
30	423	1
30	470	1
30	469	1
30	466	2
30	467	2
30	464	4
30	465	3
30	463	5
30	462	7
30	461	6
30	460	7
30	459	5
30	458	5
30	457	6
30	456	5
30	455	4
30	454	8
30	453	6
30	452	6
30	451	3
30	508	4
30	509	2
30	510	5
30	511	5
30	506	2
30	507	4
30	500	1
30	501	1
100	256	1
100	257	1
100	226	1
27	69	2
27	70	2
27	64	1
27	66	4
27	67	4
27	78	1
27	79	1
27	133	2
27	72	1
27	132	3
27	87	1
27	86	1
27	524	2
27	106	1
27	105	1
27	55	6
27	54	2
27	57	8
27	56	4
27	242	1
27	63	3
27	62	3
27	61	1
27	60	2
27	241	1
37	275	2
37	274	1
37	279	1
37	278	1
37	277	2
37	276	2
37	282	2
37	281	1
37	280	1
37	19	2
37	18	1
37	21	1
37	22	1
37	517	1
37	304	1
37	311	1
37	310	1
37	525	1
37	526	1
37	289	1
37	290	1
37	534	1
37	291	2
37	292	1
37	293	3
37	294	2
37	303	1
37	343	1
37	342	1
37	341	1
37	351	2
37	349	1
37	345	2
37	344	1
37	320	1
37	375	1
37	374	1
37	381	1
37	111	1
37	380	1
37	383	3
37	112	1
37	405	1
37	387	2
37	386	1
37	384	1
37	150	2
37	388	1
37	440	1
37	170	2
37	175	1
37	163	2
37	162	3
37	435	1
37	436	3
37	437	2
37	165	4
37	164	4
37	439	1
37	430	1
37	176	1
37	421	1
37	420	1
37	478	6
37	479	5
37	476	10
37	477	7
37	474	8
37	475	10
37	473	6
37	470	4
37	196	1
37	471	1
37	469	1
37	466	1
37	467	1
37	464	1
37	220	1
37	221	2
37	222	2
37	223	3
37	216	1
37	217	1
37	218	2
37	219	2
37	212	1
37	214	1
37	215	1
37	211	1
37	235	1
37	234	4
37	233	1
37	232	1
37	500	1
37	231	4
37	230	6
37	229	9
37	228	3
37	227	2
37	226	2
37	498	1
37	225	1
37	224	2
37	492	4
37	252	4
37	489	1
37	488	1
37	251	6
37	491	5
37	490	2
37	249	1
37	485	9
37	484	7
37	487	2
37	486	5
37	481	2
37	242	1
37	243	1
37	483	2
37	482	2
38	117	2
38	511	2
38	512	4
38	513	1
38	114	1
38	113	1
38	112	1
165	507	1
72	143	1
72	283	3
72	282	1
72	286	1
72	192	1
72	195	1
72	284	3
72	259	1
72	256	3
72	257	3
72	218	1
72	219	2
72	305	1
72	304	2
72	238	1
72	237	1
72	236	2
72	235	3
72	515	3
72	227	2
72	226	8
72	225	4
72	290	1
72	252	4
72	291	1
72	253	1
72	250	2
72	191	5
72	251	2
72	246	1
72	245	1
72	240	1
72	303	2
72	241	1
153	426	1
153	431	1
153	430	1
60	137	2
60	129	3
60	127	3
60	128	7
60	130	3
48	518	1
48	519	1
48	4	1
48	5	1
48	140	1
48	6	1
48	9	1
48	161	2
48	160	2
48	19	1
48	21	1
48	20	1
48	23	1
48	541	1
48	145	1
48	146	1
48	124	1
48	123	2
48	122	1
96	274	2
96	273	7
96	408	1
96	272	4
96	409	1
96	279	2
96	414	2
96	278	1
96	415	1
96	277	1
96	282	1
96	281	7
96	280	2
96	287	1
96	406	4
96	407	2
96	285	4
96	404	4
96	284	4
96	405	1
96	395	1
96	259	2
96	394	1
96	393	2
96	257	1
96	392	1
96	262	2
96	263	4
96	260	2
96	261	1
96	266	8
96	267	8
96	265	1
96	270	6
96	271	1
96	268	9
96	269	10
96	440	3
96	442	1
96	443	1
96	512	4
96	513	8
96	445	1
96	308	1
96	311	1
96	435	1
96	436	4
96	437	2
96	438	3
96	439	3
96	288	6
96	289	5
96	417	2
96	296	1
96	416	2
96	297	2
96	419	2
96	298	2
96	418	2
96	299	1
96	300	3
96	420	2
96	301	3
96	221	1
96	461	1
96	222	2
96	460	1
96	455	1
96	454	1
96	504	1
94	275	4
94	274	6
94	273	4
94	272	1
94	414	2
94	278	2
94	415	3
94	277	5
94	276	10
94	413	2
94	281	2
94	280	2
94	287	1
94	406	5
94	407	3
94	285	3
94	404	3
94	284	2
94	405	1
94	262	1
94	266	6
94	267	10
94	264	2
94	265	2
94	270	7
94	271	6
94	268	3
94	269	6
94	441	1
94	442	3
94	443	5
94	512	4
94	444	5
94	513	7
94	445	4
94	514	3
94	434	1
94	435	6
94	436	9
94	437	7
94	438	5
94	288	1
94	417	1
94	416	5
94	298	1
94	419	2
94	299	1
94	418	1
94	421	2
94	420	1
94	302	1
94	422	1
94	303	2
94	466	1
94	220	3
94	462	2
94	221	10
94	461	2
94	222	12
94	460	1
94	223	10
94	458	1
94	456	6
94	455	8
94	453	1
94	452	5
94	451	3
94	508	1
94	509	2
94	236	1
94	504	1
94	235	1
94	507	2
94	501	1
94	227	1
94	226	1
94	225	6
94	224	10
47	402	1
47	403	2
47	400	1
47	401	1
47	395	7
47	394	15
47	393	7
47	392	2
47	399	2
47	263	1
47	398	1
47	397	1
47	396	2
47	391	3
47	390	1
47	445	2
47	446	11
47	311	1
47	447	15
47	432	10
47	433	2
47	437	1
47	438	1
47	425	12
47	424	6
47	427	4
47	426	6
47	429	5
47	428	5
47	431	9
47	430	5
47	417	5
47	418	1
47	421	5
47	420	1
47	423	1
47	422	3
47	343	1
47	342	3
47	341	2
47	207	1
47	206	1
47	470	1
47	468	1
47	349	2
47	469	2
47	348	3
47	347	2
47	346	1
47	345	1
47	221	1
47	461	3
47	222	2
47	457	1
47	212	1
47	213	2
47	452	2
47	451	1
47	449	2
47	448	6
47	211	1
47	126	1
47	125	3
47	123	1
47	122	1
91	207	1
91	406	1
91	394	1
91	393	1
91	458	1
91	457	2
91	456	1
91	453	1
91	452	1
91	451	1
91	305	1
91	441	1
91	304	1
91	238	1
91	513	1
91	514	1
91	44	1
91	45	1
91	534	1
91	416	1
91	540	1
91	419	2
91	418	1
91	420	1
91	539	1
52	274	1
52	273	2
52	272	2
52	279	1
52	278	1
52	277	3
52	283	1
52	282	3
52	281	5
52	280	1
52	287	8
52	286	5
52	285	3
52	15	2
52	284	2
52	16	1
52	256	9
52	257	2
52	262	1
52	21	1
52	20	1
52	267	1
52	271	1
52	268	3
52	269	3
52	516	5
52	305	3
52	517	11
52	304	6
52	307	1
52	306	4
52	309	3
52	308	3
52	514	1
52	311	3
52	515	2
52	310	5
52	524	1
52	523	1
52	288	3
52	289	3
52	535	8
52	290	3
52	291	3
52	292	4
52	293	8
52	294	5
52	295	2
52	296	6
52	297	4
52	298	6
52	299	8
52	537	3
52	300	9
52	536	19
52	301	12
52	302	18
52	303	8
52	334	1
52	127	3
52	125	6
52	124	5
52	129	12
52	128	14
52	131	4
52	130	10
52	133	3
52	132	2
52	404	1
52	134	1
52	395	1
52	394	1
52	144	1
52	149	2
52	426	1
52	417	1
52	418	1
52	220	1
52	222	2
52	223	2
52	218	1
52	456	1
52	219	1
52	212	3
52	455	1
52	214	1
52	215	1
52	209	1
52	210	1
52	239	1
52	238	1
52	234	2
52	233	2
52	229	4
52	228	5
52	227	2
52	226	4
52	225	1
52	254	3
52	255	8
52	253	1
52	250	3
52	251	1
52	249	2
52	247	1
52	242	11
52	243	11
51	137	1
51	136	1
51	138	1
51	7	1
51	8	2
51	130	1
51	15	2
51	19	13
51	18	6
51	21	9
51	20	16
51	22	3
51	313	1
51	317	2
51	316	1
51	319	25
51	318	15
51	426	2
51	343	1
51	479	1
51	341	3
51	207	1
51	340	11
51	206	1
51	339	17
51	338	8
51	203	1
51	337	7
51	202	1
51	336	6
51	197	4
51	350	1
51	196	4
51	349	1
51	198	1
51	326	10
51	327	10
51	324	13
51	325	15
51	322	14
51	323	19
51	320	25
51	321	17
51	334	14
51	335	4
51	332	9
51	333	15
51	330	4
51	331	9
51	328	10
51	329	14
51	373	10
51	372	5
51	375	3
51	374	6
51	369	8
51	368	4
51	234	2
51	371	4
51	233	4
51	370	8
51	380	3
51	382	2
51	496	6
51	377	3
51	497	4
51	379	13
51	378	3
51	357	5
51	495	10
51	358	13
51	494	5
51	359	14
51	488	3
51	485	2
51	364	11
51	127	6
51	365	8
51	126	6
51	487	3
51	366	7
51	125	3
51	486	2
51	367	11
51	124	2
51	481	1
51	360	6
51	123	1
51	361	1
51	362	8
51	363	13
120	410	2
120	408	1
120	409	3
120	415	2
120	406	1
120	405	1
120	459	1
120	458	1
120	457	2
120	456	6
120	266	1
120	455	5
120	453	2
120	265	2
120	452	5
120	270	4
120	451	1
120	271	1
120	450	3
120	268	2
120	269	2
120	440	2
120	509	1
120	441	9
120	510	2
120	442	10
120	443	3
120	504	6
120	513	8
120	505	12
120	514	8
120	506	12
120	507	10
120	503	5
120	417	2
120	416	6
120	419	5
120	418	2
13	414	1
13	5	1
13	415	3
13	402	1
13	403	1
13	406	1
13	405	2
13	26	1
13	28	1
13	440	1
13	441	1
13	442	1
13	443	1
13	175	1
13	513	1
13	174	1
13	36	1
13	524	1
13	525	1
13	434	2
13	527	1
13	435	3
13	520	1
13	46	1
13	47	1
13	437	1
13	438	2
13	439	1
13	51	1
13	532	1
13	50	1
13	289	1
13	535	1
13	49	1
13	290	1
13	534	1
13	55	3
13	529	1
13	292	1
13	54	3
13	53	2
13	530	1
13	52	4
13	59	2
13	417	1
13	58	1
13	416	1
13	57	3
13	419	2
13	56	2
13	418	1
13	63	1
13	420	1
13	61	1
13	69	1
13	64	1
13	67	1
13	76	1
13	468	1
13	469	1
13	195	1
13	75	1
13	87	1
13	216	1
13	459	1
13	217	2
13	458	1
13	456	1
13	451	3
13	450	4
13	100	1
13	236	1
13	101	1
13	504	1
13	505	1
13	234	1
13	110	2
13	111	1
13	230	2
13	229	1
13	227	1
13	247	1
154	69	1
154	442	1
154	443	1
154	99	1
154	428	1
154	90	1
81	395	2
81	175	1
81	445	1
81	174	1
81	446	1
81	396	1
81	400	1
136	400	2
136	395	1
136	393	1
136	399	2
136	396	1
136	513	2
136	445	5
136	514	2
136	446	8
136	447	5
136	432	10
136	433	3
136	425	10
136	424	15
136	427	12
136	426	10
136	429	9
136	428	2
136	431	6
136	430	3
136	423	12
136	422	5
136	478	1
136	343	2
136	479	2
136	342	10
136	341	5
136	351	10
136	350	7
136	349	7
136	348	7
136	347	7
136	346	10
136	464	1
136	345	15
136	465	2
136	344	4
136	457	2
136	456	1
136	454	6
136	453	5
136	452	3
136	451	2
136	449	4
136	448	5
136	508	7
136	509	5
136	504	11
136	369	2
136	505	11
136	368	1
136	506	9
136	371	1
136	507	9
136	503	4
136	382	1
136	377	1
136	379	1
136	356	10
136	492	1
136	357	8
136	358	3
136	359	14
136	352	8
136	353	5
136	491	1
136	354	7
136	355	7
136	360	17
136	361	8
136	483	1
136	362	9
136	363	1
11	100	1
11	99	1
67	462	1
67	461	1
67	460	1
67	138	1
67	417	2
67	416	1
67	145	1
67	406	1
67	405	1
101	229	1
103	516	1
103	238	4
103	237	4
103	515	1
103	501	1
103	502	1
103	289	2
103	290	1
103	292	2
103	293	5
103	294	1
103	248	5
103	295	1
103	249	2
103	296	1
103	246	1
103	297	1
103	247	4
103	244	2
103	245	3
103	242	1
103	240	1
103	303	1
103	241	2
119	273	3
119	272	1
119	414	1
119	413	1
119	281	1
119	287	1
119	262	3
119	266	3
119	455	4
119	267	5
119	454	2
119	264	3
119	265	7
119	268	12
119	269	6
119	517	2
119	311	1
119	288	1
119	296	5
119	297	5
119	299	1
119	537	4
119	536	8
119	302	2
119	303	3
66	136	1
66	72	1
71	493	1
71	476	1
71	494	1
71	477	1
71	143	1
71	142	1
71	481	1
71	538	1
102	395	1
102	394	1
102	256	6
102	257	5
102	516	1
102	305	1
102	239	10
102	517	1
102	304	8
102	238	8
102	237	3
102	236	1
102	514	6
102	515	7
102	288	1
102	289	6
102	252	1
102	290	4
102	253	1
102	291	3
102	250	2
102	292	5
102	293	6
102	294	3
102	248	5
102	295	7
102	249	5
102	296	7
102	246	17
102	297	6
102	247	10
102	244	3
102	245	9
102	242	9
102	243	8
102	302	1
102	240	6
102	303	9
102	241	9
5	34	1
5	1	1
5	341	1
5	100	1
5	33	1
5	101	2
5	201	1
5	203	1
5	202	1
5	110	1
5	313	1
5	111	1
5	315	1
5	314	1
5	73	1
5	74	1
5	84	1
5	22	1
5	484	1
5	63	1
5	537	1
5	28	1
5	30	1
82	275	1
82	478	2
82	479	1
82	175	1
82	230	1
82	229	1
82	228	2
82	227	1
82	345	1
82	344	1
82	290	1
82	176	1
82	481	2
82	270	1
82	480	1
117	258	1
117	462	2
117	461	1
108	254	1
108	253	1
108	243	1
31	275	1
31	279	4
31	278	2
31	276	2
31	281	1
31	280	1
31	257	1
31	262	1
31	263	4
31	260	2
31	261	2
31	264	1
31	305	1
31	304	1
31	309	1
31	308	1
31	289	1
31	290	2
31	303	1
31	342	1
31	341	1
31	345	1
31	344	1
31	81	1
31	83	1
31	82	2
31	334	1
31	108	1
31	109	1
31	107	1
31	117	1
31	125	1
31	124	1
31	123	1
31	122	2
31	411	2
31	139	2
31	408	2
31	138	2
31	409	2
31	141	1
31	140	1
31	415	1
31	143	2
31	412	1
31	142	1
31	413	2
31	403	1
31	406	2
31	407	5
31	404	4
31	405	2
31	145	1
31	147	1
31	148	1
31	150	1
31	171	2
31	170	3
31	169	2
31	168	2
31	444	1
31	174	1
31	167	2
31	165	1
31	164	2
31	190	1
31	191	2
31	188	1
31	179	1
31	416	1
31	181	1
31	200	1
31	197	1
31	196	1
31	199	1
31	192	1
31	195	1
31	194	1
31	220	3
31	221	4
31	460	2
31	459	3
31	216	2
31	458	1
31	217	2
31	457	2
31	218	3
31	456	1
31	219	4
31	455	2
31	212	3
31	454	4
31	213	1
31	453	4
31	215	1
31	452	4
31	208	1
31	451	1
31	210	1
31	211	4
31	508	2
31	509	6
31	510	3
31	511	1
31	501	1
31	497	1
31	498	1
31	225	1
31	224	1
31	254	5
31	255	3
31	252	1
31	253	2
31	251	1
34	108	1
34	109	2
34	133	1
34	132	1
39	137	2
39	408	1
39	139	1
39	138	1
39	513	1
39	174	1
39	140	1
39	514	1
39	193	1
39	133	1
39	132	2
39	135	1
39	194	1
39	134	1
39	462	1
39	118	2
39	113	2
39	112	1
39	541	1
39	25	1
39	146	1
39	124	2
39	123	1
39	120	3
174	68	1
174	69	1
174	64	2
174	55	3
174	54	2
174	59	3
174	58	5
174	57	10
174	56	3
174	63	3
174	62	1
174	61	5
174	60	4
32	2	1
32	207	1
32	3	1
32	206	1
32	203	1
32	282	1
32	281	1
32	287	1
32	407	1
32	285	1
32	258	1
32	394	1
32	222	1
32	392	1
32	223	2
32	257	1
32	157	1
32	397	1
32	266	2
32	146	1
32	27	1
32	452	1
32	26	1
32	451	1
32	391	1
32	390	1
32	304	1
32	510	1
32	446	1
32	447	1
32	37	1
32	432	1
32	110	1
32	111	1
32	108	1
32	167	1
32	498	1
32	225	1
32	186	1
32	187	1
32	292	1
32	428	1
32	431	1
32	296	1
32	127	1
32	126	1
32	303	1
152	425	1
152	426	1
152	447	1
107	295	1
107	246	1
107	242	1
107	241	1
85	373	1
85	372	1
85	19	2
85	18	1
85	335	1
85	333	1
44	516	1
44	288	1
44	136	1
44	307	1
44	309	1
44	308	2
44	431	1
44	432	1
44	391	1
44	12	1
45	288	1
45	419	1
45	418	2
45	406	1
45	12	1
116	442	1
116	443	1
116	257	1
116	262	1
116	263	2
116	296	1
46	201	1
46	202	2
46	145	1
46	147	1
46	346	1
46	121	1
36	511	2
36	444	1
36	513	1
36	514	1
36	179	1
36	111	1
36	192	1
74	163	1
74	300	1
74	226	1
74	192	1
74	166	1
74	149	1
74	165	1
135	33	1
135	421	1
135	422	1
129	516	1
129	288	1
129	289	1
129	294	2
129	515	2
129	295	2
129	296	1
129	297	2
129	298	1
84	178	1
84	179	1
121	268	1
7	25	1
7	27	1
7	10	1
7	26	1
7	29	1
7	28	1
175	55	1
145	40	1
106	248	4
106	249	1
106	247	1
106	241	1
98	274	1
98	273	1
98	408	3
98	409	2
98	279	2
98	414	4
98	278	1
98	415	1
98	413	2
98	282	2
98	280	1
98	406	3
98	407	3
98	285	1
98	284	1
98	405	1
98	259	1
98	256	1
98	262	2
98	263	2
98	261	3
98	266	3
98	267	6
98	264	3
98	265	3
98	270	2
98	268	2
98	269	4
98	440	2
98	441	1
98	442	5
98	512	3
98	513	4
98	435	1
98	436	2
98	438	2
98	439	3
98	289	1
98	417	3
98	416	4
98	298	1
98	419	3
98	299	3
98	418	4
98	300	6
98	421	1
98	301	3
98	420	2
98	452	1
98	450	1
98	511	1
98	224	2
98	481	1
98	482	1
137	476	1
137	541	1
137	345	1
137	344	1
126	281	1
126	280	1
113	304	1
113	289	1
113	256	1
113	252	1
113	257	1
113	251	1
113	303	2
63	535	1
63	293	1
63	294	1
63	468	1
63	130	1
63	536	2
63	467	1
176	57	1
176	61	1
138	356	2
138	424	3
138	427	2
138	428	1
138	506	1
138	354	1
138	447	1
138	355	1
138	451	1
138	347	1
138	423	1
124	410	1
124	442	1
124	443	1
124	456	1
124	455	2
124	454	1
124	270	1
90	410	2
90	444	1
90	278	1
90	203	1
90	213	1
172	536	1
155	488	1
155	433	1
83	410	2
83	411	2
83	201	1
83	200	1
83	283	2
83	281	1
83	280	1
83	284	1
83	258	1
83	259	1
83	256	1
83	257	1
83	262	1
83	458	1
83	217	1
83	263	1
83	218	2
83	219	2
83	213	1
83	211	1
83	514	1
83	226	2
83	225	1
83	250	1
83	251	1
83	176	2
83	177	2
93	217	1
93	218	1
99	304	1
99	290	1
99	256	1
99	291	1
99	257	1
99	244	1
99	242	1
99	226	1
99	303	1
99	284	1
99	241	1
139	508	1
139	504	1
139	505	1
139	348	1
139	347	1
9	415	1
9	143	1
9	393	1
9	392	1
9	522	1
9	523	1
9	291	2
9	296	1
9	416	2
9	206	1
9	201	1
9	202	1
9	77	4
9	78	6
9	79	3
9	74	1
9	75	1
9	220	1
9	85	3
9	221	1
9	84	5
9	87	4
9	86	5
9	459	1
9	81	3
9	458	1
9	80	3
9	83	7
9	82	5
9	93	5
9	92	7
9	95	4
9	453	1
9	94	1
9	452	1
9	89	4
9	208	1
9	209	1
9	88	5
9	91	5
9	90	3
9	103	2
9	100	8
9	101	6
9	98	6
9	99	6
9	96	4
9	97	5
9	232	1
9	110	1
9	230	1
9	109	1
9	107	1
9	104	4
9	105	2
9	118	1
9	353	1
9	114	3
9	354	1
9	123	1
35	171	2
35	137	1
35	136	1
35	170	1
35	518	2
35	139	1
35	519	1
35	66	1
35	161	1
35	11	1
35	160	1
35	12	1
35	135	1
35	14	1
35	134	1
35	15	2
35	16	1
35	184	1
35	541	1
35	183	1
95	275	1
95	274	3
95	273	3
95	272	3
95	278	1
95	277	1
95	276	2
95	282	1
95	281	1
95	406	2
95	407	2
95	286	1
95	285	1
95	463	2
95	220	1
95	462	2
95	221	4
95	222	2
95	262	1
95	456	1
95	455	2
95	267	1
95	264	1
95	452	1
95	270	1
95	271	1
95	449	1
95	268	2
95	448	1
95	441	2
95	442	4
95	443	1
95	444	2
95	309	1
95	513	2
95	445	1
95	308	1
95	514	2
95	436	1
95	439	1
95	224	1
95	417	1
95	416	1
95	300	2
23	137	1
23	204	1
23	136	1
23	207	1
23	139	1
23	206	1
23	138	3
23	141	1
23	140	1
23	132	1
23	153	1
23	154	2
23	103	1
23	518	1
23	519	2
23	174	1
23	110	1
23	111	1
23	108	1
23	109	2
23	520	1
23	104	1
23	186	1
23	184	1
23	185	1
23	114	1
23	113	1
23	541	1
23	124	1
23	123	1
23	122	2
23	121	1
23	120	1
53	205	1
53	186	1
53	223	1
53	129	1
53	160	1
53	130	2
53	124	1
53	133	1
53	378	1
53	134	2
180	87	1
180	86	1
92	292	1
92	216	1
92	293	1
92	217	1
92	232	1
25	410	1
25	273	1
25	272	1
25	143	2
25	412	1
25	403	1
25	131	1
25	132	1
25	404	3
25	405	1
25	258	1
25	259	2
25	397	1
25	396	1
25	144	2
25	147	1
25	270	1
25	148	1
25	516	2
25	170	1
25	169	1
25	309	1
25	308	1
25	515	1
25	191	1
25	188	1
25	419	1
25	204	1
25	468	1
25	466	1
25	192	2
25	467	1
25	220	1
25	217	1
25	219	1
25	455	1
25	453	1
25	452	1
25	211	1
25	508	2
25	509	1
25	510	1
25	511	2
25	104	1
25	498	1
25	224	1
25	499	2
25	252	1
25	253	1
25	125	1
25	124	1
86	27	1
86	28	1
86	518	1
86	519	1
86	38	1
86	42	1
86	535	1
86	534	1
86	540	1
86	183	1
86	539	3
86	538	1
86	478	1
86	477	2
86	472	1
86	473	1
86	470	1
86	197	1
86	78	1
86	198	1
86	79	2
86	192	1
86	345	2
86	344	1
86	324	1
86	322	1
86	323	1
86	80	1
86	320	1
86	83	1
86	321	1
86	82	2
86	373	1
86	372	1
86	368	1
86	371	1
86	500	1
86	501	1
86	379	1
86	498	1
86	378	1
86	499	2
86	492	1
86	494	2
86	489	1
86	488	1
86	491	1
86	487	1
86	367	1
78	414	1
78	415	2
78	406	1
78	407	1
78	192	1
78	464	1
78	404	1
78	463	1
78	157	1
78	158	1
78	456	1
78	455	1
78	453	1
78	452	1
78	450	1
78	238	1
78	518	1
78	519	1
78	235	1
78	513	2
78	234	1
78	514	3
78	233	1
78	232	1
78	230	1
78	229	1
78	46	1
78	45	1
78	416	2
78	419	2
78	418	2
78	537	1
20	68	1
20	207	2
20	206	2
20	64	1
20	143	1
20	67	1
20	8	1
20	131	1
20	193	1
20	346	1
20	345	1
20	152	1
20	323	1
20	144	1
20	25	1
20	26	1
20	103	1
20	111	1
20	377	1
20	106	1
20	319	1
20	318	1
20	118	1
20	117	1
20	358	1
20	188	1
20	112	2
20	189	1
20	59	1
20	58	1
20	124	1
20	63	1
20	123	1
20	536	1
20	363	1
80	78	1
80	468	1
80	79	1
80	469	1
80	192	1
80	394	1
80	393	1
80	392	1
80	398	1
80	158	1
80	82	1
80	92	1
80	451	1
80	391	1
80	450	1
80	91	1
80	449	1
80	238	3
80	518	1
80	307	2
80	237	1
80	519	1
80	306	2
80	38	1
80	309	1
80	308	2
80	37	2
80	501	1
80	230	1
80	502	1
80	228	2
80	227	2
80	44	1
80	424	1
80	426	1
80	55	1
80	537	1
80	421	1
80	423	2
80	422	2
40	414	1
40	66	1
40	143	1
40	129	2
40	128	1
40	284	1
40	395	1
40	394	1
40	223	1
40	155	1
40	156	1
40	263	1
40	157	1
40	82	1
40	396	1
40	144	1
40	264	2
40	27	1
40	147	1
40	390	1
40	389	2
40	508	1
40	305	1
40	509	3
40	304	2
40	35	1
40	510	1
40	511	1
40	515	1
40	46	1
40	47	1
40	254	1
40	357	1
40	114	1
40	113	1
40	297	1
40	298	1
40	299	1
40	421	1
40	300	1
40	302	1
40	422	1
40	303	1
26	201	1
26	114	1
26	202	1
26	89	1
26	88	1
26	104	1
26	105	1
160	453	1
18	102	1
18	101	1
171	515	1
173	536	1
69	478	1
69	479	1
69	141	1
69	339	1
69	140	1
69	500	1
69	501	1
69	471	1
69	527	1
69	198	1
69	499	1
69	493	1
69	492	1
69	184	2
69	83	1
69	53	1
69	82	1
69	92	1
69	540	1
69	208	1
69	183	2
69	91	1
69	539	1
109	295	2
109	296	1
109	246	1
109	297	1
109	247	1
28	68	1
28	204	1
28	200	1
28	203	1
28	67	1
28	197	1
28	196	1
28	349	1
28	348	2
28	347	3
28	135	1
28	85	1
28	84	1
28	26	1
28	208	1
28	209	1
28	35	1
28	106	1
28	46	1
28	166	1
28	107	2
28	47	1
28	165	1
28	186	1
28	357	1
28	185	1
28	359	1
28	541	1
28	360	1
87	304	1
87	514	2
87	515	1
87	192	1
87	407	1
87	255	2
87	252	1
87	256	2
87	253	1
87	214	1
87	215	1
87	243	1
87	303	1
62	129	2
62	128	2
97	414	1
97	513	1
97	413	1
97	435	1
97	406	1
97	407	1
97	438	1
97	439	1
97	284	1
97	221	1
97	427	1
97	222	2
97	223	1
97	417	1
97	267	1
97	270	1
97	271	1
97	268	1
97	269	1
56	19	1
56	18	1
56	21	1
56	5	1
56	6	1
56	126	1
56	15	1
128	288	1
128	455	1
128	454	1
128	453	1
128	452	1
128	407	1
142	425	1
142	395	1
142	427	1
142	393	1
142	426	1
142	392	1
142	428	1
142	431	1
142	432	1
142	417	2
142	418	2
142	390	1
156	442	1
156	438	1
61	517	1
61	255	1
61	256	1
61	185	1
61	311	1
61	310	2
61	334	1
61	128	1
61	302	1
54	339	1
54	338	1
54	371	1
54	370	1
54	313	1
54	379	1
54	319	2
54	318	1
54	359	1
54	127	1
54	335	1
54	125	1
54	332	1
54	124	1
54	360	1
54	363	1
89	193	1
89	194	1
77	154	1
77	165	1
49	425	1
49	205	2
49	204	1
49	170	1
49	169	1
49	354	1
49	417	1
49	228	2
49	227	1
49	123	1
49	122	1
49	345	1
88	412	1
88	413	1
88	193	1
88	271	1
88	192	1
50	342	1
50	341	1
50	123	1
55	126	1
55	468	1
55	125	1
55	467	1
55	134	1
161	466	1
112	252	1
112	251	1
177	68	1
177	69	1
177	70	1
177	57	1
57	201	1
57	202	1
57	7	1
57	129	1
57	8	1
57	128	1
57	14	2
57	15	1
57	256	1
57	393	1
57	392	1
57	82	1
57	267	1
57	264	1
57	149	2
57	150	2
57	34	1
57	170	1
57	35	1
57	169	1
57	167	1
57	521	1
57	126	1
57	300	1
57	301	1
57	62	1
130	68	2
130	69	1
130	294	1
130	295	1
130	61	1
65	136	1
65	453	1
148	409	1
148	456	1
148	455	2
148	454	1
140	509	2
140	510	2
140	369	1
140	504	1
140	513	1
140	505	1
140	368	1
140	514	1
140	506	1
140	351	1
140	403	1
140	425	1
140	427	1
140	426	1
140	352	1
140	429	1
140	354	1
140	396	1
140	430	1
19	103	1
19	444	1
79	307	1
79	309	1
79	402	1
79	502	1
79	401	1
79	395	1
79	424	1
79	394	1
79	392	1
79	398	1
79	53	1
79	158	2
79	397	1
79	52	1
79	159	1
79	297	1
79	176	1
79	298	1
79	26	1
79	423	1
79	389	1
159	511	1
159	512	1
159	449	1
150	513	1
150	415	1
150	416	1
122	268	2
122	269	1
170	515	1
104	238	1
104	237	1
127	282	1
127	281	1
127	299	1
127	300	1
118	511	1
118	512	1
118	262	1
118	419	1
118	418	1
118	406	1
118	407	1
115	274	1
115	535	1
115	307	1
115	273	1
115	256	1
115	301	2
133	357	1
133	358	1
133	325	1
133	322	2
133	321	1
133	332	1
133	333	1
133	330	1
133	497	1
133	362	1
133	363	1
133	329	2
158	448	1
58	283	1
58	127	1
58	284	1
167	511	1
