70	343	1
70	371	1
147	403	1
125	273	1
3	1	1
3	15	1
1	65	1
1	39	1
1	321	1
1	524	1
1	42	1
1	9	2
1	13	1
76	528	1
64	510	1
64	20	1
64	456	1
64	225	1
15	102	1
15	283	1
41	410	1
41	411	1
41	415	1
41	200	1
41	277	1
41	276	2
41	283	1
41	403	1
41	282	1
41	193	2
41	407	2
41	258	3
41	220	1
41	221	2
41	256	2
41	460	1
41	257	2
41	156	2
41	216	1
41	458	1
41	157	1
41	218	1
41	219	2
41	213	1
41	264	1
41	147	1
41	215	1
41	149	1
41	150	1
41	170	2
41	168	1
41	501	1
41	161	1
41	166	1
41	226	2
41	254	1
41	289	1
41	255	1
41	290	2
41	252	3
41	251	1
41	188	1
41	298	1
41	176	1
41	299	1
33	275	1
33	202	1
33	325	2
33	216	2
33	320	1
33	219	1
33	387	1
33	213	2
33	214	1
33	215	2
33	211	1
33	304	1
33	170	2
33	169	1
33	235	1
33	234	1
33	370	1
33	231	1
33	230	1
33	434	1
33	383	2
33	229	1
33	377	1
33	227	1
33	167	1
33	224	1
33	289	3
33	291	1
33	429	1
33	292	2
33	428	1
33	490	1
33	295	1
33	485	1
33	417	1
33	246	1
33	487	1
33	177	1
33	242	3
42	411	1
42	206	1
42	279	1
42	415	1
42	412	1
42	277	2
42	276	1
42	283	1
42	403	1
42	282	1
42	199	1
42	193	1
42	258	2
42	220	1
42	256	1
42	460	1
42	459	1
42	216	1
42	458	1
42	457	1
42	260	2
42	218	1
42	219	1
42	213	1
42	214	1
42	147	1
42	271	3
42	149	1
42	150	1
42	211	1
42	171	2
42	169	1
42	175	1
42	173	1
42	160	1
42	166	1
42	226	2
42	254	1
42	252	2
42	291	1
42	126	1
42	298	1
42	176	2
42	182	1
42	180	1
42	181	1
105	288	1
105	293	2
105	248	2
105	249	2
105	246	1
105	247	1
105	243	3
105	241	1
2	136	1
2	1	1
2	2	3
2	207	1
2	138	2
2	4	1
2	65	1
2	475	1
2	5	1
2	7	3
2	9	3
2	468	1
2	10	1
2	13	2
2	14	1
2	134	2
2	15	1
2	19	1
2	18	1
2	23	1
2	145	1
2	102	3
2	518	2
2	32	1
2	519	2
2	40	2
2	109	3
2	44	1
2	117	1
2	116	1
2	113	1
2	112	2
8	403	1
8	10	2
8	305	1
8	440	1
8	304	1
8	441	1
8	307	1
8	524	3
8	43	1
8	434	1
8	436	1
8	437	1
8	47	2
8	45	1
8	523	2
8	288	2
8	533	2
8	289	1
8	290	1
8	184	1
8	49	1
8	291	2
8	528	2
8	294	1
8	188	1
8	531	1
8	297	1
8	418	1
8	536	1
8	302	1
8	303	1
8	538	1
8	207	1
8	71	1
8	66	1
8	67	1
8	469	1
8	463	1
8	84	2
8	86	1
8	458	1
8	83	1
8	455	1
8	89	1
8	450	2
8	90	1
8	239	1
8	100	1
8	237	1
8	234	1
8	233	1
8	501	1
8	229	1
8	228	1
8	353	1
8	246	1
8	245	1
131	297	1
6	14	1
6	23	2
6	24	1
6	26	2
6	31	1
6	517	1
6	39	1
6	36	3
6	37	2
6	525	1
6	312	1
6	526	3
6	315	2
6	40	1
6	527	1
6	314	3
6	41	1
6	316	2
6	522	1
6	319	3
6	318	1
6	534	2
6	529	1
6	54	1
6	531	2
6	53	2
6	541	1
6	540	1
6	537	1
6	536	2
6	539	2
6	538	3
6	343	1
6	342	1
6	340	1
6	339	2
6	338	2
6	337	1
6	351	1
6	347	1
6	345	1
6	326	1
6	327	1
6	322	1
6	323	2
6	320	1
6	82	3
6	321	1
6	334	2
6	335	1
6	333	1
6	330	1
6	91	1
6	103	2
6	372	2
6	100	1
6	368	1
6	96	2
6	371	1
6	370	2
6	383	1
6	382	2
6	106	2
6	376	3
6	379	2
6	378	1
6	117	1
6	359	1
6	353	1
6	364	1
6	365	1
6	367	1
6	137	1
6	415	1
6	142	2
6	135	2
6	144	1
6	387	3
6	386	1
6	384	1
6	148	1
6	149	1
6	169	1
6	174	2
6	173	1
6	164	1
6	186	1
6	184	2
6	188	1
6	183	1
6	181	1
6	478	2
6	479	1
6	207	1
6	476	4
6	477	4
6	474	3
6	475	1
6	472	2
6	470	1
6	198	1
6	195	2
6	213	1
6	208	4
6	500	4
6	501	1
6	496	1
6	498	2
6	499	1
6	254	1
6	493	2
6	492	1
6	495	1
6	494	1
6	489	2
6	490	2
6	485	2
6	487	2
6	486	3
6	481	1
6	482	2
4	1	1
4	10	2
4	11	3
4	12	2
4	13	1
4	14	2
4	16	1
4	19	1
4	18	1
4	21	1
4	20	1
4	23	1
4	22	2
4	25	3
4	24	1
4	26	1
4	29	2
4	28	1
4	31	2
4	30	1
4	35	1
4	517	1
4	32	2
4	518	2
4	519	3
4	38	1
4	39	3
4	36	1
4	37	1
4	42	1
4	524	1
4	43	1
4	40	2
4	41	1
4	527	1
4	46	2
4	47	1
4	45	3
4	50	1
4	535	1
4	528	2
4	54	1
4	53	4
4	52	2
4	59	2
4	540	1
4	56	1
4	537	1
4	536	1
4	539	3
4	61	1
4	538	3
4	60	1
4	66	1
4	76	1
4	77	1
4	78	2
4	73	1
4	74	2
4	80	1
4	92	1
4	95	2
4	88	1
4	102	2
4	103	2
4	98	1
4	99	1
4	97	1
4	111	2
4	108	1
4	109	3
4	106	2
4	107	1
4	104	1
4	105	2
4	117	1
4	116	1
4	113	2
4	112	5
4	123	1
4	122	1
4	137	1
4	136	1
4	138	2
4	141	2
4	129	1
4	131	1
4	130	1
4	135	1
4	152	1
4	155	2
4	158	1
4	144	1
4	145	2
4	148	1
4	150	1
4	171	1
4	170	2
4	169	2
4	175	1
4	173	1
4	161	2
4	165	1
4	164	2
4	185	1
4	190	1
4	188	1
4	178	2
4	179	1
4	177	1
4	182	1
4	183	2
4	204	2
4	207	2
4	206	1
4	203	2
4	202	1
4	197	3
4	199	1
4	198	3
4	192	1
4	195	5
4	194	1
4	213	3
4	208	3
4	254	1
4	313	1
4	312	2
4	315	3
4	314	2
4	316	2
4	319	3
4	340	1
4	338	2
4	351	2
4	348	1
4	347	2
4	346	2
4	344	1
4	326	1
4	327	1
4	325	1
4	320	2
4	334	1
4	332	1
4	330	1
4	331	1
4	328	1
4	329	1
4	372	2
4	375	2
4	374	1
4	369	1
4	368	1
4	371	1
4	370	1
4	381	2
4	382	1
4	379	1
4	356	1
4	357	3
4	359	2
4	354	2
4	355	1
4	364	1
4	365	1
4	367	2
4	360	1
4	361	1
4	415	1
4	387	1
4	478	2
4	479	2
4	476	4
4	477	2
4	473	2
4	465	1
4	509	1
4	500	1
4	501	1
4	496	1
4	498	3
4	499	2
4	492	1
4	495	1
4	494	2
4	489	3
4	488	2
4	491	1
4	485	1
4	487	2
4	486	3
4	481	1
4	482	2
17	69	2
17	101	1
17	66	6
17	67	2
17	521	1
17	532	1
17	86	1
17	55	1
17	54	1
17	56	1
17	62	3
17	61	2
17	241	1
17	60	1
21	103	2
21	110	2
21	132	1
21	104	1
22	137	1
22	136	2
22	408	1
22	140	1
22	338	1
22	133	1
22	132	1
22	135	1
22	462	1
22	460	1
22	81	1
22	92	1
22	94	1
22	451	1
22	511	1
22	519	1
22	110	2
22	111	1
22	380	1
22	119	2
22	188	1
22	112	1
22	122	1
22	361	1
22	121	1
22	241	1
24	205	1
24	505	1
24	310	1
24	129	2
24	377	1
24	466	1
24	132	1
24	467	1
24	119	2
24	326	1
24	493	1
24	16	1
24	461	1
24	495	1
132	325	1
10	136	1
10	97	1
10	500	2
10	78	2
10	74	1
10	84	1
10	87	1
10	81	2
10	80	2
10	83	1
10	297	1
10	94	1
10	89	1
10	88	1
10	91	1
14	100	1
14	101	2
14	468	1
14	109	1
12	141	1
12	415	1
12	402	1
12	401	2
12	395	2
12	394	3
12	393	2
12	392	2
12	399	1
12	398	1
12	397	1
12	396	1
12	26	2
12	28	1
12	31	2
12	304	1
12	35	1
12	518	1
12	307	1
12	306	1
12	309	1
12	174	1
12	308	1
12	39	1
12	446	1
12	311	1
12	515	1
12	432	1
12	434	1
12	41	1
12	44	1
12	523	1
12	425	2
12	49	1
12	290	2
12	427	1
12	291	1
12	528	1
12	53	1
12	294	1
12	188	1
12	431	2
12	530	1
12	295	1
12	58	1
12	297	1
12	423	1
12	538	1
12	303	1
12	69	1
12	207	1
12	468	2
12	87	1
12	458	1
12	455	2
12	450	1
12	449	1
12	448	2
12	509	1
12	238	1
12	100	1
12	234	2
12	233	1
12	231	1
12	501	1
12	229	1
12	228	2
12	246	1
12	245	1
12	241	1
16	2	1
16	279	1
16	6	1
16	7	3
16	283	1
16	11	1
16	280	2
16	14	1
16	285	1
16	284	1
16	258	2
16	16	1
16	259	1
16	256	1
16	257	3
16	18	1
16	23	1
16	260	1
16	22	2
16	261	1
16	25	2
16	266	1
16	24	1
16	264	1
16	265	2
16	270	2
16	271	1
16	268	2
16	305	1
16	34	1
16	304	1
16	307	1
16	519	1
16	308	3
16	514	1
16	311	1
16	521	1
16	47	1
16	522	1
16	523	2
16	288	1
16	294	1
16	541	2
16	296	1
16	298	2
16	299	2
16	301	1
16	302	1
16	303	1
16	81	1
16	91	1
16	90	1
16	110	1
16	106	2
16	107	1
16	117	1
16	126	1
16	124	2
16	123	1
16	136	1
16	141	1
16	140	1
16	415	1
16	142	1
16	402	2
16	130	1
16	132	1
16	134	1
16	152	1
16	153	1
16	154	1
16	155	1
16	392	1
16	156	1
16	399	1
16	158	1
16	144	1
16	148	1
16	149	1
16	150	1
16	151	1
16	441	1
16	445	2
16	446	2
16	447	1
16	162	1
16	433	1
16	161	2
16	166	1
16	165	1
16	164	1
16	425	1
16	427	1
16	430	1
16	182	1
16	183	1
16	180	1
16	423	1
16	422	2
16	466	1
16	464	1
16	460	2
16	219	1
16	456	1
16	455	2
16	454	1
16	452	1
16	450	1
16	509	3
16	238	2
16	499	1
16	254	1
16	255	1
75	276	1
43	204	2
43	207	1
43	341	4
43	200	1
43	203	5
43	197	1
43	199	1
43	198	1
43	348	1
43	133	1
43	346	1
43	345	1
43	344	1
43	395	3
43	398	1
43	219	1
43	212	1
43	145	1
43	213	1
43	146	2
43	149	1
43	150	1
43	169	1
43	163	1
43	225	1
43	424	2
43	187	1
43	188	1
68	457	1
68	396	1
68	91	1
30	275	1
30	279	1
30	278	3
30	143	1
30	277	3
30	142	2
30	276	1
30	403	1
30	406	3
30	133	1
30	407	1
30	404	1
30	256	1
30	156	1
30	157	1
30	263	1
30	144	1
30	146	3
30	148	1
30	270	1
30	149	1
30	150	1
30	444	1
30	308	1
30	515	1
30	187	1
30	291	1
30	292	1
30	188	1
30	295	1
30	297	1
30	176	1
30	298	1
30	180	1
30	181	1
30	207	1
30	206	1
30	200	2
30	199	2
30	469	1
30	198	1
30	462	1
30	461	1
30	460	2
30	223	1
30	459	2
30	216	1
30	458	1
30	457	1
30	218	1
30	456	1
30	219	1
30	213	1
30	214	1
30	452	1
30	215	1
30	451	2
30	210	1
30	211	1
30	510	1
30	507	2
30	500	1
30	226	2
30	225	1
30	252	1
30	251	1
30	126	1
30	125	2
27	69	1
27	86	1
27	55	1
27	54	1
27	66	4
27	56	1
27	62	2
27	241	1
27	105	1
37	274	1
37	476	1
37	477	1
37	474	1
37	475	1
37	234	1
37	233	1
37	525	1
37	111	1
37	229	1
37	227	1
37	344	1
37	289	1
37	18	1
37	217	1
37	293	1
37	490	1
37	485	1
37	484	3
37	386	1
37	242	1
37	482	1
37	211	1
38	511	1
72	256	2
72	235	1
72	251	1
72	245	1
72	225	1
60	127	2
48	518	1
48	4	1
48	20	1
48	145	1
96	442	1
96	273	1
96	408	1
96	435	1
96	287	1
96	406	1
96	438	1
96	439	1
96	284	1
96	288	1
96	259	1
96	460	1
96	262	1
96	266	2
96	454	1
96	297	1
96	299	1
96	270	1
96	269	1
94	275	1
94	273	1
94	276	1
94	413	1
94	287	1
94	406	2
94	284	1
94	405	1
94	220	3
94	221	2
94	460	1
94	223	2
94	455	1
94	266	2
94	264	1
94	265	1
94	451	1
94	271	1
94	268	1
94	269	1
94	441	1
94	443	1
94	444	1
94	235	1
94	434	1
94	435	1
94	436	1
94	298	1
94	420	1
47	341	2
47	446	1
47	447	2
47	402	1
47	348	1
47	345	1
47	395	1
47	425	2
47	394	1
47	424	2
47	393	1
47	426	1
47	428	1
47	431	3
47	430	2
47	212	1
47	125	1
47	451	1
47	423	1
91	304	1
91	393	1
91	457	1
91	452	1
52	129	1
52	281	2
52	286	1
52	132	1
52	284	1
52	256	1
52	20	1
52	209	1
52	268	1
52	305	2
52	304	1
52	309	1
52	523	1
52	289	1
52	255	2
52	535	2
52	290	1
52	291	1
52	293	1
52	295	1
52	127	2
52	299	2
52	242	2
52	301	1
52	302	1
52	303	1
51	339	4
51	336	1
51	196	2
51	326	1
51	19	4
51	325	1
51	18	2
51	322	2
51	20	2
51	320	3
51	332	1
51	333	4
51	330	1
51	328	1
51	373	1
51	372	2
51	371	2
51	233	2
51	377	1
51	317	1
51	379	3
51	319	2
51	378	1
51	318	2
51	358	3
51	494	2
51	359	1
51	485	1
51	125	1
51	366	1
51	124	1
51	361	1
51	363	1
120	440	1
120	441	1
120	408	1
120	442	1
120	504	1
120	513	2
120	405	1
120	458	1
120	456	2
120	455	1
120	418	1
120	452	2
120	268	1
13	289	1
13	442	1
13	100	1
13	414	1
13	458	1
13	52	1
13	419	1
13	46	1
13	450	1
13	405	1
81	445	1
136	478	1
136	342	1
136	341	1
136	351	4
136	350	1
136	348	1
136	347	1
136	346	3
136	345	1
136	395	1
136	399	1
136	456	1
136	452	1
136	448	1
136	504	1
136	445	1
136	506	1
136	446	2
136	507	3
136	447	1
136	432	1
136	503	2
136	356	1
136	425	1
136	424	4
136	358	1
136	359	1
136	426	1
136	353	1
136	431	2
136	423	1
136	422	2
103	237	1
103	501	1
103	247	1
103	244	1
119	413	1
119	296	1
119	454	2
119	267	2
119	264	1
119	268	1
71	476	1
71	142	1
102	238	2
102	237	1
102	514	1
102	248	1
102	296	2
102	246	1
102	247	2
102	245	1
102	242	1
102	302	1
102	303	1
102	241	1
5	201	1
5	73	1
82	175	1
82	227	1
82	344	1
31	509	1
31	510	1
31	408	1
31	341	1
31	169	1
31	308	1
31	142	1
31	199	1
31	406	1
31	167	1
31	344	1
31	194	1
31	254	1
31	81	1
31	191	1
31	217	1
31	251	1
31	455	1
31	212	1
31	124	1
31	122	1
34	132	1
39	139	1
39	132	1
174	57	1
174	56	2
32	186	1
32	110	1
32	126	1
32	26	1
45	418	1
116	442	1
74	165	1
129	288	1
129	294	1
129	515	1
98	408	1
98	511	1
98	512	1
98	413	2
98	406	1
98	439	1
98	261	1
98	266	1
98	267	1
98	298	1
98	418	2
98	300	1
98	481	1
98	420	1
98	268	1
113	256	1
113	251	1
138	427	1
83	410	2
83	258	1
83	262	1
83	176	1
83	225	1
99	241	1
139	347	1
9	100	2
9	98	1
9	415	1
9	79	1
9	522	1
9	74	1
9	85	1
9	84	1
9	80	2
9	82	2
9	92	1
9	95	1
9	88	1
9	90	1
35	136	1
35	11	1
35	14	1
35	15	1
95	220	1
95	462	1
95	441	1
95	442	1
95	273	1
95	448	1
23	184	1
23	519	1
23	123	1
23	121	1
180	86	1
92	292	1
25	169	1
25	131	1
25	124	1
86	534	1
86	477	1
86	488	1
86	539	1
86	538	1
86	378	1
78	513	1
78	234	1
78	157	1
78	455	1
78	452	1
78	406	1
20	345	1
80	307	1
80	308	1
80	37	1
80	227	1
80	91	1
40	156	1
40	143	1
40	297	1
40	46	1
40	303	1
18	101	1
69	91	1
69	499	1
28	84	1
28	185	1
28	67	1
28	541	1
87	252	1
97	222	1
97	270	1
56	5	1
142	431	1
142	417	1
61	310	1
54	359	1
49	169	1
49	122	1
88	412	1
50	341	1
57	34	1
57	300	1
57	149	1
130	294	1
140	368	1
79	397	1
79	52	1
79	423	1
159	511	1
104	237	1
118	406	1
133	362	1
133	329	1
58	283	1
