70	497	1
123	27	1
114	253	1
3	25	2
3	10	2
1	1	2
1	207	1
1	70	1
1	42	1
1	40	1
1	526	1
1	48	1
1	81	1
1	21	1
1	80	2
1	23	1
1	25	2
1	540	1
1	31	1
1	30	2
76	150	1
64	222	1
64	456	1
64	261	1
64	297	1
15	443	1
15	101	2
15	249	3
41	408	1
41	409	1
41	283	1
41	282	2
41	403	1
41	407	2
41	405	2
41	256	2
41	155	1
41	262	1
41	157	1
41	263	1
41	260	1
41	146	1
41	147	1
41	270	2
41	170	1
41	169	1
41	444	1
41	512	1
41	515	1
41	163	1
41	160	1
41	288	1
41	289	1
41	290	1
41	176	2
41	181	1
41	303	2
41	200	1
41	192	3
41	221	1
41	216	2
41	217	2
41	458	1
41	457	1
41	219	2
41	212	3
41	213	1
41	211	1
41	501	1
41	226	1
41	225	1
41	224	2
41	254	2
41	118	1
41	252	1
41	253	2
41	250	2
33	341	1
33	338	1
33	472	1
33	276	2
33	282	1
33	469	1
33	130	1
33	347	1
33	464	1
33	463	1
33	220	2
33	324	1
33	223	3
33	213	1
33	384	1
33	210	1
33	388	1
33	211	2
33	372	1
33	444	1
33	173	1
33	232	2
33	433	1
33	227	1
33	438	1
33	225	1
33	165	1
33	378	3
33	290	1
33	352	1
33	248	1
33	249	1
33	296	1
33	487	1
42	409	1
42	141	1
42	142	1
42	283	2
42	197	2
42	403	1
42	282	4
42	198	1
42	407	1
42	405	1
42	221	2
42	460	1
42	257	1
42	459	1
42	262	1
42	216	2
42	157	1
42	217	2
42	457	1
42	260	1
42	219	2
42	261	1
42	266	1
42	212	1
42	270	2
42	269	1
42	211	1
42	444	1
42	174	2
42	173	1
42	515	2
42	172	1
42	163	1
42	501	1
42	226	1
42	225	1
42	224	1
42	289	1
42	118	1
42	252	1
42	291	1
42	253	1
42	251	1
42	303	2
105	304	1
105	238	1
105	292	2
105	514	1
105	249	1
105	246	4
105	297	1
105	247	1
105	298	1
105	243	1
2	136	1
2	1	1
2	139	3
2	3	2
2	4	1
2	140	1
2	7	2
2	8	2
2	11	1
2	12	3
2	14	1
2	19	2
2	81	1
2	20	1
2	24	1
2	27	1
2	29	1
2	31	1
2	90	1
2	34	2
2	517	1
2	519	2
2	101	1
2	236	1
2	501	1
2	160	1
2	382	1
2	119	1
2	116	1
2	185	1
2	114	2
2	540	3
2	123	1
8	142	1
8	403	1
8	10	2
8	12	2
8	406	1
8	404	1
8	405	1
8	257	1
8	155	1
8	26	2
8	440	2
8	304	1
8	170	1
8	441	1
8	307	1
8	512	1
8	39	1
8	42	3
8	524	1
8	525	2
8	527	1
8	46	2
8	47	1
8	438	2
8	44	1
8	45	1
8	51	1
8	50	2
8	535	1
8	290	1
8	49	1
8	534	1
8	55	1
8	529	1
8	54	1
8	530	1
8	52	1
8	541	1
8	58	2
8	297	1
8	418	1
8	62	1
8	420	2
8	67	1
8	468	1
8	72	1
8	87	1
8	86	1
8	83	1
8	93	1
8	450	2
8	91	1
8	102	1
8	100	1
8	236	1
8	98	1
8	235	1
8	234	2
8	233	1
8	111	1
8	227	1
8	104	1
8	254	1
8	252	1
8	249	1
8	246	1
8	245	2
6	2	1
6	13	1
6	16	1
6	27	1
6	30	1
6	517	1
6	518	1
6	33	1
6	36	5
6	37	1
6	313	1
6	312	1
6	43	1
6	315	2
6	527	1
6	41	1
6	317	3
6	316	2
6	318	2
6	45	1
6	533	1
6	535	1
6	534	1
6	529	1
6	54	1
6	53	1
6	530	1
6	295	1
6	541	1
6	537	1
6	539	3
6	343	1
6	341	1
6	340	3
6	339	3
6	338	1
6	351	3
6	73	1
6	345	1
6	344	1
6	326	2
6	327	1
6	87	2
6	325	2
6	322	1
6	323	3
6	320	1
6	321	1
6	335	1
6	332	1
6	333	1
6	331	2
6	90	1
6	373	2
6	375	2
6	369	1
6	96	2
6	110	2
6	381	1
6	111	1
6	380	1
6	382	1
6	377	2
6	107	2
6	104	1
6	379	5
6	353	2
6	364	1
6	367	3
6	361	1
6	362	1
6	363	1
6	136	1
6	152	2
6	153	2
6	386	1
6	384	1
6	150	1
6	388	1
6	169	2
6	164	1
6	184	1
6	190	1
6	183	2
6	478	2
6	479	2
6	207	1
6	476	2
6	206	1
6	477	4
6	475	3
6	203	3
6	472	2
6	473	1
6	470	1
6	196	1
6	194	1
6	208	4
6	209	1
6	496	1
6	497	1
6	493	2
6	492	1
6	495	2
6	494	3
6	489	1
6	491	1
6	484	2
6	487	1
6	481	2
6	480	2
6	483	2
4	1	1
4	9	1
4	10	2
4	11	2
4	12	2
4	14	1
4	15	1
4	17	1
4	16	3
4	19	3
4	21	4
4	20	1
4	23	1
4	22	1
4	25	2
4	24	1
4	27	2
4	26	2
4	29	1
4	31	1
4	30	1
4	34	4
4	517	1
4	518	1
4	32	1
4	33	1
4	38	1
4	39	1
4	37	2
4	313	1
4	312	1
4	526	2
4	315	2
4	527	2
4	41	2
4	46	2
4	317	1
4	47	1
4	316	1
4	44	2
4	319	1
4	523	1
4	45	4
4	318	1
4	533	2
4	50	1
4	535	1
4	49	2
4	534	2
4	48	2
4	54	1
4	528	2
4	530	2
4	295	1
4	541	1
4	58	1
4	540	2
4	62	2
4	536	1
4	539	2
4	68	1
4	342	2
4	70	1
4	341	1
4	340	2
4	339	1
4	66	1
4	67	2
4	76	1
4	351	2
4	77	1
4	78	1
4	349	1
4	348	1
4	74	2
4	75	3
4	344	1
4	84	1
4	327	2
4	87	1
4	324	1
4	325	2
4	81	1
4	322	2
4	80	3
4	83	2
4	320	5
4	321	1
4	93	2
4	334	2
4	335	1
4	95	2
4	331	1
4	329	3
4	373	3
4	372	1
4	375	1
4	101	1
4	369	1
4	99	1
4	368	1
4	96	2
4	371	1
4	370	1
4	381	2
4	110	1
4	111	1
4	108	1
4	382	2
4	109	1
4	106	1
4	376	1
4	107	2
4	104	2
4	378	1
4	105	4
4	356	2
4	357	3
4	117	1
4	359	3
4	352	2
4	112	2
4	355	2
4	366	2
4	367	1
4	360	2
4	361	2
4	122	3
4	362	2
4	136	1
4	139	2
4	141	1
4	133	2
4	135	1
4	152	1
4	153	1
4	155	1
4	156	1
4	157	1
4	144	2
4	146	1
4	384	1
4	175	2
4	174	1
4	160	1
4	166	2
4	164	2
4	186	1
4	184	1
4	426	1
4	185	2
4	188	1
4	179	3
4	182	2
4	183	2
4	180	2
4	478	3
4	479	1
4	477	2
4	201	1
4	475	1
4	472	2
4	203	3
4	473	1
4	196	1
4	468	1
4	198	1
4	195	1
4	194	2
4	209	2
4	211	1
4	511	2
4	501	1
4	230	1
4	499	1
4	493	3
4	494	2
4	489	1
4	491	2
4	484	1
4	487	4
4	481	3
4	480	2
4	483	2
4	482	1
17	102	2
17	68	3
17	69	2
17	64	1
17	67	1
17	55	2
17	54	3
17	530	1
17	57	3
17	56	1
17	62	2
17	61	4
17	60	1
21	118	1
21	103	1
21	138	1
21	107	1
21	104	1
21	134	1
21	105	1
22	103	1
22	138	2
22	110	1
22	406	1
22	227	1
22	405	1
22	134	1
22	118	1
22	117	1
22	114	1
22	353	1
22	93	1
22	127	1
22	126	2
22	123	2
22	121	1
24	408	3
24	409	1
24	141	1
24	338	1
24	370	1
24	471	2
24	466	1
24	467	2
24	134	1
24	186	1
24	461	1
24	188	1
24	22	1
24	127	1
24	335	1
24	124	1
24	149	1
24	449	1
24	120	1
10	103	3
10	101	1
10	98	2
10	111	1
10	196	1
10	77	1
10	131	2
10	107	1
10	75	1
10	220	1
10	456	1
10	82	3
10	92	1
10	89	1
10	91	1
10	90	2
14	102	4
14	98	1
12	140	1
12	143	1
12	402	1
12	400	2
12	401	3
12	12	2
12	395	2
12	394	1
12	392	1
12	399	1
12	397	3
12	396	2
12	26	1
12	390	1
12	389	1
12	517	1
12	304	1
12	169	1
12	307	2
12	306	2
12	309	1
12	445	1
12	173	1
12	311	1
12	310	2
12	37	1
12	432	1
12	527	1
12	41	1
12	47	1
12	45	2
12	288	1
12	50	1
12	289	1
12	427	1
12	534	1
12	426	1
12	291	2
12	529	1
12	431	1
12	59	1
12	541	1
12	58	1
12	298	1
12	421	1
12	423	1
12	302	1
12	207	1
12	468	1
12	75	1
12	87	1
12	216	1
12	93	1
12	454	1
12	95	1
12	450	1
12	90	1
12	448	1
12	239	1
12	236	1
12	101	1
12	235	1
12	234	2
12	233	4
12	110	1
12	230	1
12	111	1
12	229	3
12	227	1
12	104	1
12	252	1
12	246	1
12	245	2
12	242	1
168	511	1
16	2	1
16	273	1
16	272	1
16	3	1
16	7	2
16	8	1
16	282	4
16	281	1
16	11	1
16	280	1
16	287	1
16	14	1
16	15	1
16	284	1
16	17	1
16	16	3
16	259	1
16	19	1
16	256	2
16	257	1
16	21	1
16	20	1
16	260	3
16	22	1
16	25	1
16	24	2
16	267	2
16	26	2
16	265	2
16	270	2
16	268	1
16	516	1
16	517	1
16	304	2
16	35	1
16	307	2
16	306	1
16	309	1
16	308	1
16	514	2
16	311	1
16	310	1
16	524	2
16	520	1
16	521	1
16	522	1
16	288	1
16	289	1
16	49	1
16	48	1
16	293	1
16	295	1
16	298	2
16	301	2
16	302	3
16	80	1
16	82	1
16	93	1
16	334	4
16	92	1
16	101	1
16	108	1
16	109	1
16	382	1
16	107	1
16	352	2
16	113	1
16	355	1
16	126	1
16	125	1
16	122	1
16	141	1
16	414	2
16	140	1
16	143	1
16	142	1
16	403	1
16	131	1
16	400	2
16	132	2
16	134	1
16	405	2
16	152	2
16	395	1
16	153	1
16	154	2
16	393	1
16	155	1
16	392	1
16	156	1
16	158	2
16	397	1
16	144	2
16	148	1
16	391	1
16	149	1
16	150	1
16	151	1
16	170	1
16	168	1
16	445	2
16	446	1
16	432	2
16	163	2
16	162	1
16	161	1
16	160	1
16	166	1
16	425	2
16	424	1
16	426	1
16	185	1
16	428	1
16	188	1
16	417	1
16	423	1
16	422	1
16	468	1
16	467	1
16	464	1
16	462	1
16	222	3
16	454	2
16	453	1
16	452	1
16	448	2
16	510	1
16	501	2
16	227	1
16	498	2
16	254	2
43	205	1
43	204	1
43	341	1
43	200	2
43	203	1
43	348	2
43	347	1
43	133	1
43	220	1
43	394	1
43	393	2
43	154	3
43	157	1
43	212	2
43	213	1
43	145	1
43	146	1
43	147	1
43	390	1
43	149	1
43	449	1
43	151	1
43	211	2
43	171	2
43	161	1
43	227	1
43	167	1
43	166	1
43	164	1
43	352	3
43	354	1
43	188	1
43	295	1
43	125	1
43	123	1
43	182	3
43	122	1
43	120	1
68	534	1
68	138	1
68	399	2
68	311	1
68	41	1
68	539	1
30	411	1
30	408	1
30	409	3
30	141	1
30	278	1
30	143	1
30	277	2
30	276	1
30	403	1
30	406	1
30	407	2
30	404	1
30	405	1
30	154	1
30	157	1
30	263	1
30	261	1
30	144	1
30	145	1
30	267	1
30	146	1
30	270	1
30	269	1
30	171	2
30	169	1
30	444	1
30	174	1
30	308	1
30	311	1
30	163	1
30	167	1
30	164	1
30	290	1
30	291	1
30	190	1
30	188	1
30	182	1
30	207	2
30	200	1
30	202	1
30	197	2
30	348	1
30	465	1
30	220	3
30	221	1
30	460	1
30	216	1
30	217	1
30	219	1
30	455	1
30	212	2
30	334	2
30	454	2
30	213	1
30	453	1
30	452	1
30	215	1
30	211	1
30	508	1
30	510	1
30	511	1
30	506	2
30	107	1
30	226	2
30	225	1
30	224	1
30	252	1
30	352	1
30	251	1
30	122	1
27	78	1
27	57	2
27	56	1
27	62	1
37	517	1
37	479	1
37	476	1
37	475	2
37	234	2
37	473	1
37	282	1
37	380	1
37	229	1
37	383	1
37	165	1
37	225	1
37	345	1
37	439	1
37	164	2
37	19	1
37	291	1
37	488	1
37	251	2
37	491	1
37	218	1
37	485	1
37	481	1
37	482	1
38	117	2
38	114	1
165	507	1
72	252	1
72	235	2
72	191	1
72	515	2
72	303	1
60	137	2
96	272	2
96	512	2
96	414	1
96	513	1
96	308	1
96	278	1
96	277	1
96	280	1
96	436	1
96	404	1
96	288	1
96	289	1
96	222	2
96	257	1
96	267	1
96	270	1
96	300	1
96	301	1
96	268	1
94	509	1
94	274	1
94	273	1
94	444	1
94	513	2
94	277	1
94	501	1
94	435	1
94	436	1
94	437	1
94	224	1
94	221	1
94	267	1
94	264	1
94	419	1
47	445	1
47	446	1
47	432	1
47	468	1
47	425	1
47	394	2
47	393	2
47	429	1
47	428	2
47	397	1
47	431	2
47	417	1
47	391	1
47	449	1
91	441	1
91	534	1
91	456	1
91	539	1
52	273	1
52	277	1
52	129	1
52	128	3
52	133	1
52	287	1
52	286	1
52	404	1
52	15	1
52	256	1
52	223	1
52	456	1
52	334	1
52	268	1
52	516	1
52	517	1
52	228	1
52	226	1
52	535	2
52	250	1
52	293	1
52	249	1
52	127	1
52	297	1
52	298	1
52	124	1
52	242	6
52	536	1
52	301	3
52	302	3
51	339	1
51	338	1
51	336	1
51	326	1
51	324	1
51	19	1
51	325	2
51	18	1
51	322	3
51	323	4
51	320	3
51	321	1
51	335	1
51	333	1
51	331	2
51	329	1
51	373	1
51	375	2
51	369	2
51	233	2
51	496	1
51	317	1
51	316	1
51	379	1
51	319	4
51	318	4
51	357	1
51	495	1
51	358	1
51	426	1
51	359	1
51	364	1
51	365	2
51	487	2
51	366	1
51	367	1
51	362	3
51	363	2
120	441	1
120	509	1
120	442	1
120	409	1
120	504	1
120	513	3
120	506	1
120	507	1
120	503	1
120	455	1
120	419	1
120	265	1
120	268	1
13	415	1
13	110	1
13	111	1
13	230	1
13	468	1
13	527	1
13	51	1
13	534	1
13	216	1
13	418	1
13	28	1
13	450	1
13	61	1
81	400	1
136	351	1
136	349	1
136	347	1
136	345	2
136	464	1
136	344	2
136	393	1
136	454	1
136	453	3
136	451	1
136	508	1
136	513	2
136	505	1
136	432	2
136	356	2
136	424	1
136	427	1
136	359	2
136	426	2
136	352	2
136	429	3
136	353	3
136	431	1
136	355	2
136	360	2
136	361	1
136	362	1
136	423	1
103	293	1
103	242	1
119	281	1
119	287	1
119	536	3
119	268	1
102	239	1
102	517	1
102	514	1
102	290	2
102	250	1
102	292	1
102	294	1
102	295	2
102	246	1
102	247	2
102	297	2
102	245	1
102	242	1
102	240	1
102	303	2
5	341	1
5	101	1
5	28	1
82	275	1
82	481	1
82	270	1
117	461	1
31	304	1
31	279	1
31	280	1
31	406	1
31	404	1
31	220	1
31	221	1
31	289	1
31	117	1
31	262	1
31	218	1
31	260	2
31	219	1
31	455	1
31	453	1
31	452	1
31	211	1
39	137	1
39	174	1
39	124	1
174	57	2
174	61	1
32	394	1
32	222	1
32	392	1
32	296	1
32	281	1
32	451	1
32	391	1
32	287	1
32	407	1
85	19	1
44	391	1
44	12	1
45	12	1
116	257	1
46	201	1
46	346	1
46	121	1
36	511	1
36	179	1
74	192	1
135	33	1
129	515	1
129	295	1
121	268	1
175	55	1
106	241	1
98	441	1
98	259	1
98	279	1
98	415	1
98	278	1
98	261	1
98	266	1
98	435	1
98	300	1
98	285	1
98	284	1
98	269	1
137	541	1
126	280	1
113	303	1
63	535	1
138	427	1
138	354	1
138	355	1
138	347	1
124	410	1
90	444	1
155	488	1
83	217	1
83	280	1
83	226	1
99	290	1
9	103	1
9	100	2
9	99	1
9	78	1
9	107	1
9	104	1
9	87	1
9	291	2
9	86	1
9	114	2
9	82	2
9	296	1
9	93	1
9	95	1
35	170	1
35	518	1
35	183	1
95	274	1
95	221	1
95	444	1
95	452	1
95	436	1
95	406	1
23	137	1
23	174	1
53	129	1
25	508	1
25	204	1
25	252	1
25	511	1
25	217	1
25	412	1
25	403	1
25	498	1
25	224	1
25	211	1
86	494	1
86	344	1
78	238	1
78	415	1
78	537	1
78	404	1
20	117	1
20	8	1
20	111	1
80	238	1
80	237	1
80	398	1
80	158	1
80	230	1
80	537	1
80	450	1
40	254	1
40	394	1
40	263	1
40	389	1
69	492	1
69	140	1
69	82	1
69	501	1
69	471	1
69	208	1
69	183	1
28	349	1
28	347	1
28	106	1
87	243	1
97	413	1
56	21	1
142	390	1
156	442	1
61	185	1
61	334	1
61	302	1
54	319	1
77	154	1
49	204	1
49	227	1
112	251	1
177	57	1
57	256	1
57	392	1
57	82	1
57	126	1
57	167	1
140	509	1
150	415	1
122	268	1
127	281	1
115	535	1
115	256	1
115	301	1
133	357	1
133	321	1
