// stemID	docID	count
14	409	8
14	516	7
14	518	1
14	519	1
14	512	3
14	513	3
14	514	2
14	515	5
14	83	2
14	82	3
14	109	2
14	107	2
14	117	2
14	116	1
14	127	2
14	126	4
14	125	4
14	123	3
14	122	6
14	137	3
14	136	1
14	139	3
14	138	5
14	141	2
14	140	2
14	143	10
14	142	4
14	131	2
14	130	1
14	133	1
14	134	1
14	154	1
14	156	2
14	157	4
14	158	1
14	144	10
14	145	5
14	146	5
14	147	10
14	148	6
14	149	5
14	150	6
14	151	3
14	171	7
14	170	11
14	169	9
14	168	6
14	175	2
14	174	3
14	173	1
14	172	1
14	163	2
14	167	6
14	166	2
14	165	6
14	164	8
14	187	2
14	190	3
14	191	4
14	188	6
14	189	1
14	179	2
14	176	2
14	177	2
14	182	2
14	183	2
14	180	2
14	181	5
14	204	2
14	207	9
14	206	3
14	201	4
14	200	13
14	203	10
14	202	7
14	197	8
14	196	4
14	199	9
14	198	7
14	195	4
14	194	2
14	220	12
14	221	10
14	222	8
14	223	4
14	216	10
14	217	9
14	218	9
14	219	14
14	212	14
14	213	10
14	214	7
14	215	10
14	208	10
14	210	3
14	211	16
14	227	3
14	226	10
14	225	8
14	224	8
14	254	8
14	255	5
14	252	9
14	253	12
14	250	1
14	251	8
14	275	6
14	274	3
14	273	4
14	279	12
14	278	18
14	277	15
14	276	10
14	282	2
14	281	3
14	280	2
14	286	1
14	285	1
14	258	6
14	259	4
14	256	3
14	257	8
14	263	9
14	260	3
14	261	4
14	266	2
14	267	2
14	264	2
14	265	1
14	270	9
14	271	4
14	268	2
14	269	3
14	309	6
14	308	10
14	311	1
14	289	2
14	290	6
14	291	9
14	292	8
14	293	2
14	294	1
14	295	1
14	296	1
14	297	1
14	298	2
14	299	1
14	302	1
14	303	2
14	342	2
14	349	2
14	348	2
14	345	3
14	334	5
14	369	1
14	352	1
14	353	1
14	354	1
14	410	4
14	411	6
14	408	10
14	414	1
14	412	6
14	413	5
14	403	4
14	406	10
14	407	16
14	404	14
14	405	11
14	393	2
14	392	1
14	397	2
14	396	2
14	444	5
14	445	5
14	424	1
14	426	1
14	416	3
14	423	1
14	470	1
14	469	1
14	466	4
14	467	3
14	464	4
14	465	3
14	463	5
14	462	8
14	461	7
14	460	10
14	459	8
14	458	6
14	457	8
14	456	6
14	455	7
14	454	12
14	453	11
14	452	11
14	451	4
14	508	8
14	509	9
14	510	9
14	511	8
14	506	2
14	507	4
14	500	1
14	501	2
14	417	2
14	262	1
14	305	1
14	304	1
14	341	1
14	344	1
14	81	1
14	108	1
14	124	2
14	415	1
14	192	3
14	497	1
14	498	2
14	272	1
14	132	1
14	419	1
14	468	1
14	104	1
14	499	2
0	1	15
0	2	13
0	3	11
0	4	11
0	5	15
0	6	10
0	7	14
0	8	15
0	9	14
0	10	15
0	11	8
0	12	13
0	13	6
0	14	5
0	15	10
0	16	5
0	19	9
0	18	3
0	21	6
0	20	10
0	23	6
0	22	2
0	25	4
0	24	4
0	27	1
0	26	2
0	29	2
0	31	1
0	30	1
0	34	2
0	517	1
0	518	8
0	32	2
0	519	10
0	33	3
0	512	1
0	40	2
0	41	3
0	520	4
0	46	8
0	47	6
0	319	1
0	44	2
0	318	1
0	45	3
0	535	1
0	534	1
0	541	5
0	540	7
0	62	1
0	61	1
0	65	1
0	66	2
0	76	2
0	75	3
0	81	1
0	332	1
0	333	1
0	90	4
0	102	5
0	103	4
0	101	2
0	99	1
0	371	1
0	110	4
0	111	2
0	383	2
0	109	3
0	382	2
0	119	2
0	118	7
0	117	9
0	116	7
0	115	1
0	114	12
0	353	1
0	113	12
0	354	1
0	112	6
0	124	6
0	123	6
0	120	2
0	137	4
0	136	6
0	139	10
0	138	4
0	141	2
0	140	2
0	132	1
0	135	8
0	134	6
0	145	3
0	146	2
0	162	1
0	161	5
0	160	5
0	166	1
0	165	1
0	185	1
0	183	2
0	204	1
0	207	1
0	476	1
0	475	1
0	203	1
0	196	1
0	468	1
0	469	1
0	208	1
0	509	2
0	237	2
0	510	2
0	236	1
0	511	1
0	235	1
0	501	1
0	502	1
0	122	1
0	171	2
0	170	1
0	184	1
0	126	1
3	478	29
3	1	12
3	2	5
3	4	2
3	5	7
3	6	8
3	7	3
3	8	3
3	9	10
3	10	13
3	11	20
3	12	16
3	13	9
3	14	12
3	15	9
3	17	7
3	16	15
3	19	13
3	18	3
3	21	10
3	20	10
3	23	11
3	22	17
3	25	17
3	24	11
3	27	13
3	26	21
3	29	10
3	28	9
3	31	11
3	30	15
3	34	12
3	517	3
3	35	9
3	518	8
3	32	16
3	519	13
3	33	11
3	512	8
3	38	10
3	513	1
3	39	12
3	36	11
3	37	10
3	524	4
3	42	5
3	525	3
3	43	6
3	526	9
3	40	10
3	527	9
3	41	9
3	520	10
3	46	22
3	47	16
3	44	10
3	523	2
3	45	17
3	533	5
3	51	2
3	532	2
3	50	3
3	535	10
3	49	7
3	534	4
3	48	10
3	55	5
3	529	9
3	54	13
3	528	9
3	531	5
3	53	13
3	530	6
3	52	2
3	59	6
3	541	12
3	58	5
3	540	22
3	57	4
3	56	2
3	63	4
3	537	9
3	62	9
3	536	12
3	61	4
3	539	21
3	60	4
3	538	9
3	68	7
3	69	2
3	70	2
3	71	3
3	64	3
3	65	5
3	66	6
3	67	12
3	76	7
3	77	14
3	78	19
3	79	13
3	72	8
3	73	7
3	74	14
3	75	19
3	85	3
3	84	5
3	87	5
3	86	5
3	81	11
3	80	13
3	83	7
3	82	8
3	93	6
3	92	8
3	95	9
3	89	6
3	88	3
3	91	7
3	90	3
3	102	6
3	103	9
3	100	8
3	101	8
3	98	8
3	99	6
3	96	12
3	97	17
3	110	17
3	111	18
3	108	12
3	109	10
3	106	19
3	107	17
3	104	11
3	105	13
3	119	5
3	118	12
3	117	10
3	116	5
3	114	11
3	113	19
3	112	25
3	124	4
3	123	5
3	122	5
3	120	1
3	137	11
3	136	10
3	139	9
3	138	12
3	141	7
3	140	3
3	143	3
3	142	4
3	129	1
3	128	1
3	131	6
3	130	4
3	133	2
3	132	3
3	135	4
3	152	5
3	153	3
3	154	1
3	155	8
3	156	15
3	157	5
3	158	1
3	159	1
3	144	8
3	145	6
3	146	5
3	147	4
3	148	7
3	149	4
3	150	4
3	151	2
3	171	8
3	170	13
3	169	5
3	168	1
3	175	10
3	174	7
3	173	3
3	172	2
3	162	3
3	161	5
3	160	2
3	167	5
3	166	8
3	165	8
3	164	9
3	186	13
3	187	2
3	184	14
3	185	16
3	190	3
3	191	1
3	188	6
3	189	6
3	178	9
3	179	11
3	176	2
3	177	2
3	182	4
3	183	8
3	180	6
3	181	6
3	205	13
3	204	15
3	207	12
3	206	7
3	201	6
3	200	2
3	203	17
3	202	10
3	197	12
3	196	20
3	199	9
3	198	10
3	193	4
3	192	2
3	195	12
3	194	4
3	217	1
3	212	2
3	213	9
3	214	9
3	208	20
3	209	17
3	210	1
3	211	5
3	232	1
3	230	1
3	227	3
3	225	1
3	254	1
3	255	1
3	248	1
3	247	1
3	313	14
3	312	6
3	315	19
3	314	16
3	317	14
3	316	20
3	319	15
3	318	8
3	295	1
3	343	2
3	342	9
3	341	13
3	340	7
3	339	6
3	338	3
3	337	1
3	336	2
3	351	6
3	350	4
3	349	8
3	348	13
3	347	14
3	346	8
3	345	13
3	344	6
3	326	10
3	327	11
3	324	7
3	325	9
3	322	9
3	323	15
3	320	23
3	321	10
3	334	10
3	335	6
3	332	14
3	333	10
3	330	2
3	331	10
3	328	7
3	329	5
3	373	15
3	372	19
3	375	12
3	374	7
3	369	10
3	368	15
3	371	17
3	370	9
3	381	12
3	380	6
3	383	5
3	382	19
3	377	6
3	376	10
3	379	2
3	378	2
3	356	15
3	357	18
3	358	16
3	359	18
3	352	9
3	353	2
3	354	6
3	355	9
3	364	8
3	365	12
3	366	7
3	367	17
3	360	18
3	361	7
3	362	10
3	363	7
3	414	1
3	415	1
3	413	1
3	393	1
3	392	2
3	387	1
3	385	1
3	384	4
3	390	3
3	389	3
3	388	1
3	424	1
3	426	4
3	416	1
3	422	1
3	479	17
3	476	8
3	477	23
3	474	2
3	475	2
3	472	4
3	473	9
3	470	6
3	471	3
3	468	1
3	469	1
3	466	1
3	467	1
3	465	1
3	508	1
3	509	4
3	510	2
3	511	6
3	500	10
3	501	14
3	502	7
3	503	2
3	496	7
3	497	4
3	498	6
3	499	11
3	493	15
3	492	9
3	495	9
3	494	12
3	489	12
3	488	12
3	491	11
3	490	10
3	485	7
3	484	7
3	487	17
3	486	14
3	481	23
3	480	14
3	483	10
3	482	13
4	343	10
4	478	25
4	372	17
4	477	34
4	141	5
4	140	6
4	371	16
4	66	3
4	497	8
4	344	9
4	352	9
4	529	12
4	530	20
4	1	1
4	2	3
4	3	3
4	13	8
4	14	8
4	15	1
4	16	1
4	21	1
4	23	8
4	22	1
4	25	3
4	24	13
4	27	17
4	26	5
4	29	6
4	28	9
4	31	2
4	30	6
4	34	4
4	517	2
4	35	2
4	518	6
4	32	3
4	519	7
4	33	2
4	38	7
4	39	5
4	36	14
4	37	16
4	524	3
4	42	3
4	525	3
4	43	2
4	526	9
4	40	5
4	527	14
4	41	3
4	520	2
4	46	2
4	521	2
4	47	7
4	522	1
4	44	2
4	523	5
4	45	1
4	533	4
4	532	5
4	535	10
4	49	1
4	534	7
4	55	5
4	54	13
4	528	6
4	531	2
4	53	10
4	59	1
4	541	17
4	540	26
4	537	5
4	536	5
4	539	24
4	538	14
4	68	2
4	70	1
4	65	4
4	67	4
4	76	1
4	77	1
4	78	3
4	79	5
4	72	2
4	73	3
4	74	2
4	87	4
4	86	1
4	80	4
4	83	8
4	82	8
4	93	2
4	92	6
4	95	4
4	89	3
4	88	4
4	91	3
4	90	4
4	102	7
4	103	6
4	100	3
4	101	6
4	98	2
4	99	1
4	96	9
4	97	9
4	110	6
4	111	1
4	108	3
4	106	2
4	107	4
4	104	3
4	118	4
4	117	4
4	114	2
4	113	2
4	137	3
4	136	5
4	139	1
4	138	2
4	143	9
4	142	3
4	135	2
4	152	3
4	153	10
4	154	5
4	155	7
4	156	7
4	157	3
4	158	1
4	159	1
4	144	4
4	145	3
4	146	1
4	147	1
4	148	3
4	149	3
4	150	4
4	151	1
4	171	1
4	170	7
4	169	6
4	168	1
4	175	3
4	174	6
4	173	3
4	160	2
4	167	1
4	165	3
4	164	3
4	186	1
4	187	1
4	184	16
4	185	8
4	190	4
4	188	2
4	189	1
4	178	1
4	179	1
4	176	1
4	182	3
4	183	9
4	181	1
4	207	6
4	206	2
4	201	1
4	200	1
4	203	3
4	202	1
4	197	5
4	196	11
4	199	3
4	198	6
4	192	2
4	195	8
4	194	1
4	212	1
4	213	5
4	214	5
4	208	25
4	209	20
4	210	1
4	211	2
4	225	1
4	224	1
4	254	1
4	255	1
4	248	1
4	247	1
4	242	1
4	306	1
4	313	10
4	312	5
4	315	16
4	314	17
4	317	18
4	316	16
4	319	10
4	318	15
4	295	1
4	342	3
4	341	11
4	340	23
4	339	22
4	338	9
4	337	2
4	336	4
4	351	9
4	350	3
4	349	2
4	348	1
4	347	1
4	346	2
4	345	6
4	326	11
4	327	9
4	324	12
4	325	9
4	322	9
4	323	18
4	320	13
4	321	7
4	334	6
4	335	7
4	332	7
4	333	8
4	330	5
4	331	10
4	328	5
4	329	5
4	373	13
4	375	13
4	374	7
4	369	7
4	368	5
4	370	11
4	381	14
4	380	9
4	383	8
4	382	8
4	377	7
4	376	7
4	379	23
4	378	7
4	356	4
4	357	1
4	358	2
4	359	3
4	353	4
4	354	7
4	355	3
4	364	8
4	365	10
4	366	3
4	367	10
4	360	1
4	361	1
4	362	5
4	363	5
4	414	1
4	415	1
4	413	1
4	387	7
4	386	3
4	385	4
4	384	6
4	388	4
4	416	1
4	479	15
4	476	20
4	474	15
4	475	16
4	472	11
4	473	17
4	470	8
4	471	12
4	469	1
4	467	1
4	500	15
4	501	15
4	502	8
4	503	3
4	496	15
4	498	5
4	499	12
4	493	23
4	492	15
4	495	17
4	494	19
4	489	13
4	488	12
4	491	17
4	490	12
4	485	9
4	484	7
4	487	19
4	486	17
4	481	21
4	480	14
4	483	12
4	482	16
5	439	4
5	10	5
5	11	3
5	12	3
5	13	3
5	25	2
5	26	5
5	28	2
5	516	2
5	517	3
5	512	1
5	39	1
5	513	5
5	514	4
5	515	3
5	42	5
5	524	9
5	43	6
5	525	13
5	527	5
5	46	11
5	520	2
5	47	9
5	44	8
5	45	11
5	523	3
5	51	5
5	533	5
5	50	8
5	532	6
5	49	9
5	535	9
5	48	5
5	534	10
5	55	9
5	529	7
5	528	10
5	54	10
5	53	8
5	531	9
5	52	6
5	530	4
5	59	4
5	541	1
5	58	4
5	57	6
5	56	4
5	537	2
5	62	2
5	536	1
5	539	2
5	60	3
5	538	2
5	68	5
5	70	2
5	71	1
5	64	2
5	65	3
5	66	5
5	67	9
5	78	1
5	72	2
5	73	3
5	74	1
5	85	4
5	84	10
5	87	6
5	86	4
5	81	1
5	83	7
5	82	2
5	93	2
5	92	3
5	95	4
5	89	1
5	91	6
5	90	5
5	102	4
5	103	2
5	100	4
5	101	6
5	98	1
5	99	2
5	96	2
5	97	1
5	110	4
5	111	3
5	104	1
5	137	1
5	136	3
5	139	1
5	138	1
5	143	1
5	142	2
5	153	1
5	154	2
5	155	2
5	157	2
5	158	2
5	145	1
5	146	1
5	147	2
5	148	3
5	149	2
5	171	2
5	170	1
5	175	2
5	174	3
5	173	1
5	167	1
5	166	1
5	165	1
5	164	2
5	184	1
5	185	1
5	190	1
5	188	2
5	189	1
5	176	1
5	177	4
5	182	1
5	207	2
5	206	1
5	201	1
5	200	1
5	196	1
5	198	1
5	195	2
5	212	1
5	208	2
5	211	1
5	239	6
5	238	6
5	237	8
5	236	8
5	235	8
5	234	9
5	233	7
5	232	5
5	231	2
5	230	9
5	229	8
5	228	3
5	227	8
5	225	1
5	254	1
5	255	1
5	252	3
5	251	2
5	249	1
5	246	7
5	247	7
5	244	1
5	245	5
5	242	2
5	243	2
5	240	1
5	241	1
5	256	2
5	257	2
5	305	11
5	304	5
5	307	2
5	306	10
5	309	1
5	308	1
5	288	6
5	289	10
5	290	7
5	291	8
5	292	6
5	293	1
5	294	2
5	295	2
5	297	2
5	298	3
5	299	1
5	302	1
5	303	2
5	372	1
5	371	1
5	353	1
5	354	1
5	414	6
5	415	8
5	413	3
5	402	2
5	403	5
5	400	1
5	401	2
5	406	8
5	407	4
5	404	9
5	405	6
5	395	1
5	396	1
5	440	5
5	441	13
5	442	8
5	434	5
5	435	12
5	436	5
5	437	5
5	438	7
5	417	2
5	416	6
5	419	9
5	418	11
5	420	6
5	476	1
5	470	1
5	468	3
5	469	4
5	464	4
5	463	4
5	461	1
5	460	1
5	459	3
5	458	6
5	457	4
5	456	11
5	455	2
5	451	10
5	450	13
5	504	3
5	505	3
5	506	1
5	501	5
5	502	4
5	5	1
5	443	1
5	36	1
5	63	1
5	61	1
5	69	1
5	76	1
5	75	1
5	216	1
5	217	2
5	192	1
5	453	1
5	452	1
5	518	1
5	519	1
8	393	16
8	66	2
8	529	7
8	528	5
8	520	2
8	521	2
8	150	3
8	12	2
8	13	2
8	27	5
8	26	5
8	29	9
8	28	7
8	31	5
8	30	5
8	34	5
8	516	3
8	35	1
8	517	1
8	518	2
8	32	3
8	519	2
8	33	5
8	38	7
8	512	1
8	39	13
8	513	1
8	36	7
8	37	9
8	515	2
8	524	1
8	42	1
8	525	5
8	43	1
8	526	3
8	40	8
8	527	2
8	41	2
8	46	6
8	47	2
8	522	1
8	44	4
8	523	1
8	45	8
8	533	1
8	51	2
8	50	4
8	535	3
8	49	4
8	534	5
8	48	2
8	54	4
8	531	3
8	53	6
8	530	2
8	52	2
8	59	2
8	541	1
8	58	2
8	537	3
8	539	2
8	538	2
8	68	2
8	69	1
8	70	1
8	65	3
8	67	3
8	76	1
8	77	1
8	78	3
8	79	2
8	73	2
8	74	4
8	75	3
8	84	1
8	87	2
8	86	1
8	80	3
8	83	1
8	82	3
8	93	1
8	92	2
8	95	3
8	89	2
8	88	2
8	91	4
8	90	3
8	102	1
8	103	1
8	100	2
8	101	6
8	96	2
8	97	1
8	110	3
8	111	5
8	104	1
8	136	4
8	139	2
8	138	4
8	141	3
8	140	1
8	143	1
8	142	2
8	154	1
8	155	2
8	157	2
8	158	8
8	145	2
8	146	1
8	147	3
8	148	4
8	149	2
8	151	1
8	169	1
8	175	2
8	174	3
8	173	1
8	167	1
8	166	1
8	165	1
8	164	2
8	190	1
8	188	1
8	189	2
8	182	1
8	207	6
8	206	1
8	201	1
8	200	1
8	196	2
8	195	2
8	216	2
8	212	1
8	208	5
8	211	1
8	239	5
8	238	9
8	237	5
8	236	5
8	235	7
8	234	9
8	233	13
8	232	8
8	231	5
8	230	14
8	229	15
8	228	8
8	227	8
8	225	1
8	255	1
8	252	3
8	250	3
8	251	2
8	249	3
8	246	10
8	247	8
8	244	2
8	245	5
8	242	3
8	243	5
8	240	1
8	241	2
8	256	2
8	257	1
8	305	7
8	304	4
8	307	17
8	306	18
8	309	10
8	308	7
8	311	7
8	310	9
8	312	2
8	288	3
8	289	4
8	290	7
8	291	10
8	292	9
8	293	2
8	294	2
8	295	2
8	296	2
8	297	3
8	298	5
8	299	3
8	302	2
8	303	3
8	414	1
8	415	1
8	413	2
8	402	12
8	403	4
8	400	12
8	401	16
8	407	1
8	405	1
8	395	14
8	394	18
8	392	8
8	399	8
8	398	15
8	397	16
8	396	14
8	391	3
8	390	8
8	389	8
8	445	6
8	446	11
8	447	2
8	432	11
8	433	6
8	434	1
8	435	2
8	436	1
8	437	1
8	425	4
8	424	10
8	427	4
8	426	10
8	429	1
8	428	4
8	431	6
8	430	2
8	416	1
8	421	11
8	423	15
8	422	15
8	470	1
8	468	5
8	469	4
8	467	1
8	464	1
8	463	1
8	459	3
8	458	4
8	457	3
8	456	8
8	455	4
8	454	1
8	451	9
8	450	12
8	449	5
8	448	3
8	509	1
8	510	1
8	501	4
8	502	6
8	192	1
8	55	1
8	159	1
8	176	1
21	398	1
21	397	2
21	396	3
21	40	3
21	27	1
21	390	1
21	45	2
21	394	1
21	207	1
21	139	2
21	138	1
21	400	1
21	466	1
21	464	1
21	463	1
21	395	1
21	154	1
21	393	1
21	155	1
21	392	1
21	399	2
21	458	1
21	457	1
21	158	1
21	92	1
21	147	1
21	148	1
21	91	1
21	238	1
21	307	2
21	99	1
21	39	1
21	308	3
21	311	1
21	432	2
21	501	1
21	433	1
21	502	1
21	41	1
21	44	1
21	533	1
21	534	2
21	428	1
21	531	1
21	530	1
21	540	1
21	421	1
21	539	1
21	516	1
21	288	1
21	136	1
21	309	1
21	431	1
21	391	1
21	12	1
9	425	8
9	107	12
9	144	11
9	400	6
9	2	4
9	3	7
9	4	4
9	5	1
9	6	2
9	7	13
9	8	14
9	9	7
9	11	5
9	12	3
9	13	1
9	14	7
9	15	7
9	17	5
9	16	12
9	19	6
9	18	3
9	21	4
9	20	3
9	23	14
9	22	9
9	25	10
9	24	13
9	26	12
9	29	2
9	31	1
9	30	4
9	516	3
9	34	4
9	517	8
9	35	9
9	518	2
9	519	3
9	512	1
9	513	1
9	514	5
9	515	6
9	524	6
9	520	6
9	46	3
9	521	8
9	47	6
9	522	10
9	523	8
9	535	2
9	49	3
9	48	6
9	541	2
9	62	2
9	536	2
9	61	1
9	66	2
9	67	1
9	84	2
9	81	4
9	80	5
9	83	7
9	82	9
9	93	1
9	92	2
9	95	1
9	89	1
9	91	6
9	90	2
9	102	1
9	103	3
9	101	1
9	98	1
9	96	1
9	97	2
9	110	10
9	111	8
9	108	8
9	109	6
9	106	4
9	104	2
9	119	1
9	118	7
9	117	1
9	114	6
9	113	6
9	112	2
9	127	5
9	126	6
9	125	5
9	124	7
9	123	1
9	122	1
9	137	5
9	136	8
9	139	1
9	138	4
9	141	4
9	140	3
9	143	6
9	142	7
9	129	8
9	128	6
9	131	2
9	130	5
9	133	6
9	132	5
9	135	1
9	134	4
9	152	11
9	153	9
9	154	10
9	155	9
9	156	13
9	157	9
9	158	9
9	159	3
9	145	6
9	146	10
9	147	4
9	148	6
9	149	11
9	150	16
9	151	10
9	170	2
9	169	3
9	168	3
9	163	12
9	162	8
9	161	6
9	160	3
9	167	10
9	166	9
9	165	11
9	164	7
9	186	2
9	187	3
9	184	3
9	185	2
9	188	3
9	189	3
9	182	3
9	183	3
9	180	2
9	181	7
9	204	2
9	203	2
9	220	1
9	222	8
9	223	5
9	219	1
9	212	2
9	211	1
9	239	4
9	238	4
9	232	2
9	228	1
9	227	1
9	225	3
9	254	10
9	255	11
9	242	4
9	273	7
9	272	5
9	279	3
9	278	2
9	283	7
9	282	10
9	281	15
9	280	6
9	287	3
9	286	3
9	285	11
9	284	9
9	258	14
9	259	14
9	256	9
9	257	16
9	262	4
9	263	6
9	260	13
9	261	9
9	266	14
9	267	10
9	264	10
9	265	13
9	270	9
9	271	6
9	268	5
9	269	7
9	305	11
9	304	11
9	307	12
9	306	8
9	309	15
9	308	12
9	311	7
9	310	9
9	312	2
9	288	7
9	289	6
9	290	2
9	291	1
9	293	2
9	294	3
9	295	11
9	296	5
9	297	5
9	298	10
9	299	12
9	300	6
9	301	10
9	302	17
9	303	14
9	336	1
9	349	3
9	348	3
9	334	6
9	335	5
9	332	1
9	333	1
9	369	1
9	382	1
9	357	2
9	358	1
9	352	2
9	355	2
9	365	1
9	408	2
9	414	5
9	415	1
9	402	3
9	403	6
9	401	1
9	406	2
9	404	2
9	405	2
9	395	14
9	394	10
9	393	10
9	392	10
9	399	3
9	398	2
9	397	2
9	396	4
9	391	7
9	390	10
9	389	10
9	441	1
9	442	1
9	445	9
9	446	20
9	447	13
9	432	5
9	433	6
9	434	3
9	424	11
9	427	5
9	426	9
9	429	1
9	428	7
9	431	3
9	430	2
9	417	1
9	416	1
9	418	1
9	421	6
9	423	10
9	422	5
9	468	6
9	466	3
9	467	9
9	464	4
9	465	4
9	463	2
9	462	3
9	461	5
9	460	3
9	457	4
9	456	6
9	455	3
9	454	6
9	453	7
9	452	10
9	451	5
9	450	2
9	449	4
9	448	13
9	508	3
9	509	10
9	510	11
9	511	4
9	507	1
9	500	7
9	501	6
9	502	3
9	497	3
9	498	7
9	499	8
9	489	1
9	490	1
9	72	1
9	207	1
9	206	1
9	407	1
9	27	2
9	37	1
9	292	1
9	201	1
9	202	1
10	58	9
10	57	14
10	68	17
10	69	15
10	70	8
10	64	3
10	66	8
10	67	16
10	72	1
10	87	2
10	86	2
10	158	5
10	102	6
10	103	2
10	375	1
10	101	1
10	526	1
10	521	1
10	376	1
10	522	1
10	533	1
10	492	1
10	532	1
10	529	2
10	55	12
10	54	7
10	530	2
10	59	5
10	56	6
10	63	7
10	242	1
10	62	22
10	61	21
10	241	1
10	60	11
10	294	1
10	295	1
26	127	4
26	128	10
26	137	2
26	129	5
26	130	3
16	481	5
16	480	4
16	483	3
16	275	7
16	274	2
16	273	3
16	279	7
16	278	5
16	277	8
16	276	11
16	283	3
16	282	7
16	281	2
16	280	2
16	13	1
16	286	3
16	285	1
16	17	2
16	256	2
16	18	3
16	20	1
16	269	2
16	305	1
16	304	2
16	514	1
16	515	1
16	313	1
16	312	1
16	319	3
16	289	4
16	290	6
16	291	4
16	529	1
16	292	7
16	293	7
16	295	2
16	296	3
16	297	2
16	343	2
16	342	2
16	341	2
16	338	2
16	336	2
16	348	1
16	347	2
16	346	1
16	345	4
16	326	2
16	324	1
16	325	2
16	322	2
16	320	4
16	321	4
16	334	2
16	335	1
16	333	4
16	330	2
16	331	1
16	372	4
16	374	3
16	371	1
16	370	1
16	111	2
16	383	9
16	108	1
16	109	1
16	377	1
16	378	5
16	357	1
16	352	1
16	127	2
16	129	1
16	400	1
16	130	3
16	407	1
16	394	2
16	393	2
16	154	1
16	155	1
16	399	2
16	156	2
16	398	1
16	157	1
16	387	4
16	385	3
16	384	9
16	149	3
16	150	5
16	388	4
16	440	2
16	171	2
16	170	5
16	169	2
16	168	1
16	444	1
16	175	7
16	174	2
16	173	1
16	163	3
16	433	2
16	162	4
16	434	1
16	435	3
16	160	3
16	167	6
16	437	3
16	166	4
16	438	1
16	165	6
16	439	2
16	164	7
16	429	4
16	428	1
16	430	3
16	417	1
16	178	1
16	176	4
16	418	1
16	177	1
16	478	9
16	205	1
16	204	1
16	477	9
16	206	1
16	474	9
16	200	2
16	472	4
16	203	4
16	202	2
16	470	9
16	471	5
16	468	2
16	469	3
16	198	2
16	466	2
16	464	5
16	195	1
16	465	2
16	463	1
16	220	5
16	221	9
16	222	5
16	223	11
16	216	10
16	217	6
16	218	4
16	219	4
16	212	14
16	213	7
16	214	10
16	215	8
16	210	2
16	211	12
16	239	1
16	238	2
16	237	1
16	236	4
16	235	4
16	234	6
16	233	6
16	232	14
16	231	12
16	501	1
16	230	17
16	502	1
16	229	15
16	228	11
16	227	12
16	225	5
16	224	4
16	252	8
16	494	1
16	489	2
16	250	2
16	488	7
16	251	11
16	491	7
16	248	2
16	490	4
16	249	2
16	485	13
16	246	1
16	484	10
16	247	1
16	487	5
16	244	1
16	486	7
16	242	8
16	243	6
16	19	2
16	21	1
16	22	1
16	517	1
16	311	1
16	310	1
16	525	1
16	526	1
16	534	1
16	294	2
16	303	1
16	351	2
16	349	1
16	344	2
16	375	1
16	381	1
16	380	1
16	112	1
16	405	1
16	386	1
16	436	3
16	421	1
16	420	1
16	479	6
16	476	10
16	475	10
16	473	6
16	196	1
16	467	1
16	500	1
16	226	2
16	498	1
16	492	4
16	482	2
16	270	1
19	253	9
19	275	2
19	274	3
19	273	1
19	272	3
19	279	2
19	278	7
19	277	8
19	276	4
19	283	17
19	282	9
19	281	4
19	280	4
19	285	1
19	284	7
19	258	5
19	259	8
19	256	5
19	257	7
19	262	3
19	260	6
19	261	5
19	266	1
19	270	7
19	271	7
19	269	1
19	304	1
19	512	1
19	513	1
19	515	2
19	288	2
19	289	4
19	290	6
19	291	4
19	292	1
19	298	2
19	299	1
19	303	6
19	119	1
19	118	1
19	127	3
19	126	2
19	410	5
19	411	7
19	136	1
19	408	4
19	409	3
19	138	1
19	414	1
19	141	1
19	415	1
19	140	1
19	412	4
19	143	2
19	413	2
19	142	2
19	403	4
19	406	5
19	407	4
19	404	4
19	405	9
19	153	3
19	154	2
19	156	1
19	157	2
19	146	1
19	147	6
19	148	2
19	149	1
19	150	4
19	151	4
19	171	5
19	170	2
19	169	2
19	444	1
19	175	8
19	174	12
19	173	8
19	172	4
19	163	1
19	161	1
19	160	1
19	167	2
19	166	2
19	165	1
19	164	2
19	190	1
19	188	2
19	416	1
19	176	8
19	177	6
19	182	3
19	183	2
19	180	2
19	181	3
19	207	3
19	206	2
19	200	3
19	197	2
19	196	1
19	199	4
19	198	5
19	466	1
19	193	3
19	192	1
19	464	1
19	195	1
19	465	1
19	194	3
19	463	1
19	220	7
19	221	5
19	461	5
19	222	2
19	460	5
19	223	1
19	459	6
19	216	10
19	458	15
19	217	11
19	457	5
19	218	9
19	219	9
19	212	6
19	213	6
19	214	5
19	215	6
19	208	1
19	211	6
19	509	1
19	510	1
19	501	2
19	502	5
19	227	3
19	226	12
19	225	8
19	224	4
19	254	5
19	255	2
19	252	7
19	250	3
19	251	5
19	201	1
19	263	1
19	514	1
32	246	19
32	247	12
32	395	1
32	394	1
32	256	6
32	257	5
32	516	2
32	305	1
32	239	10
32	517	1
32	304	8
32	238	8
32	237	3
32	236	1
32	514	6
32	515	10
32	288	2
32	289	7
32	252	1
32	290	4
32	253	1
32	291	3
32	250	2
32	292	5
32	293	6
32	294	5
32	248	5
32	295	11
32	249	5
32	296	9
32	297	9
32	244	3
32	245	9
32	242	9
32	243	8
32	302	1
32	240	6
32	303	9
32	241	9
32	298	1
29	403	1
29	404	5
29	513	14
29	274	3
29	273	8
29	408	4
29	272	4
29	409	3
29	279	4
29	414	7
29	278	2
29	415	2
29	277	1
29	282	4
29	281	8
29	280	3
29	287	1
29	406	8
29	407	6
29	285	5
29	284	6
29	405	2
29	395	1
29	259	3
29	394	1
29	393	2
29	257	1
29	392	1
29	262	4
29	263	6
29	260	2
29	261	4
29	266	11
29	267	15
29	265	4
29	270	9
29	271	2
29	268	12
29	269	15
29	440	5
29	442	6
29	443	1
29	512	7
29	445	1
29	308	1
29	311	1
29	435	3
29	436	6
29	437	2
29	438	6
29	439	7
29	288	6
29	289	6
29	417	6
29	296	1
29	416	6
29	297	2
29	419	5
29	298	3
29	418	6
29	299	5
29	300	10
29	420	4
29	301	6
29	221	2
29	461	1
29	222	4
29	460	1
29	455	1
29	454	1
29	504	1
29	413	3
29	256	1
29	264	3
29	441	1
29	421	1
29	452	1
29	450	1
29	511	1
29	224	2
29	481	1
29	482	1
29	427	1
29	223	1
28	274	10
28	273	8
28	275	5
28	272	4
28	414	2
28	278	3
28	415	3
28	277	6
28	276	12
28	413	2
28	281	4
28	280	3
28	287	1
28	406	8
28	407	7
28	285	4
28	404	3
28	284	2
28	405	1
28	262	3
28	266	6
28	267	11
28	264	3
28	265	2
28	270	8
28	271	7
28	268	5
28	269	6
28	441	3
28	442	7
28	443	6
28	512	5
28	444	7
28	513	9
28	445	5
28	514	5
28	434	1
28	435	6
28	436	10
28	437	7
28	438	5
28	288	2
28	417	2
28	416	6
28	298	1
28	419	3
28	299	1
28	418	2
28	421	2
28	420	1
28	302	1
28	422	1
28	303	2
28	466	1
28	220	4
28	462	4
28	221	14
28	461	2
28	222	14
28	460	1
28	223	10
28	458	1
28	456	7
28	455	11
28	453	2
28	452	7
28	451	3
28	508	1
28	509	2
28	236	1
28	504	1
28	235	1
28	507	2
28	501	1
28	227	1
28	226	1
28	225	6
28	224	11
28	282	1
28	286	1
28	463	2
28	449	1
28	448	1
28	309	1
28	308	1
28	439	1
28	300	2
28	454	1
28	511	1
2	1	4
2	139	1
2	2	2
2	4	2
2	5	6
2	6	3
2	9	1
2	10	5
2	40	1
2	41	1
2	11	2
2	46	2
2	47	1
2	15	1
2	16	1
2	25	3
2	26	2
2	328	1
2	329	1
2	27	1
2	29	1
2	28	1
30	502	3
30	248	19
30	284	3
30	256	4
30	257	5
30	305	2
30	239	2
30	304	8
30	238	9
30	514	3
30	515	5
30	524	1
30	288	1
30	289	4
30	290	7
30	291	6
30	250	9
30	292	11
30	293	18
30	294	13
30	249	17
30	295	3
30	246	13
30	296	5
30	297	8
30	247	19
30	298	4
30	244	9
30	299	2
30	245	6
30	242	3
30	243	6
30	240	7
30	303	4
30	241	5
30	516	1
30	237	5
30	501	1
30	226	1
1	1	10
1	2	2
1	3	1
1	4	2
1	5	1
1	6	4
1	9	4
1	10	5
1	11	1
1	12	3
1	13	2
1	14	1
1	21	1
1	20	1
1	23	1
1	25	2
1	27	1
1	26	1
1	31	1
1	30	2
1	39	1
1	42	2
1	524	1
1	525	2
1	40	8
1	526	3
1	41	2
1	527	3
1	521	1
1	522	1
1	533	2
1	49	2
1	48	2
1	540	1
1	207	1
1	70	1
1	65	1
1	66	1
1	77	1
1	78	3
1	79	3
1	75	1
1	322	1
1	81	7
1	80	6
1	82	2
1	321	1
1	328	5
1	329	5
1	111	1
1	112	1
7	102	14
7	103	5
7	443	1
7	101	14
7	444	2
7	99	4
7	283	1
7	433	1
7	468	3
7	108	1
7	469	3
7	109	2
7	167	2
7	13	1
7	166	2
7	284	1
7	250	5
7	249	3
7	93	1
7	92	1
7	100	2
7	237	1
7	98	1
7	110	1
7	163	1
7	132	1
7	498	1
7	164	2
7	529	1
7	528	1
18	275	3
18	274	3
18	278	2
18	277	7
18	276	8
18	283	11
18	282	8
18	281	2
18	280	1
18	284	5
18	258	7
18	259	5
18	256	7
18	257	6
18	262	1
18	263	3
18	260	3
18	261	2
18	264	1
18	265	1
18	270	8
18	271	6
18	269	2
18	516	3
18	304	3
18	512	7
18	513	1
18	514	2
18	311	1
18	515	3
18	288	3
18	289	4
18	290	12
18	291	8
18	292	2
18	296	1
18	297	1
18	298	3
18	299	3
18	300	3
18	302	1
18	303	5
18	350	1
18	119	1
18	118	1
18	410	3
18	411	11
18	408	10
18	409	3
18	138	1
18	414	1
18	141	2
18	415	1
18	140	1
18	412	6
18	143	1
18	413	2
18	142	2
18	403	3
18	406	3
18	407	9
18	404	3
18	405	5
18	152	5
18	153	5
18	154	6
18	155	2
18	156	5
18	157	6
18	158	2
18	159	1
18	144	1
18	145	3
18	146	3
18	147	6
18	148	2
18	149	4
18	150	4
18	151	3
18	171	4
18	170	6
18	169	6
18	168	2
18	444	1
18	173	3
18	163	5
18	162	4
18	161	3
18	160	2
18	167	2
18	166	3
18	165	4
18	164	2
18	190	1
18	188	1
18	189	2
18	178	2
18	416	1
18	419	1
18	176	6
18	177	6
18	182	3
18	183	1
18	180	2
18	181	5
18	207	2
18	206	1
18	201	1
18	200	2
18	196	3
18	199	2
18	198	3
18	466	1
18	193	8
18	192	7
18	464	1
18	195	2
18	194	6
18	463	2
18	220	9
18	462	1
18	221	6
18	461	2
18	222	2
18	460	4
18	223	2
18	459	8
18	216	7
18	458	13
18	217	10
18	457	3
18	218	6
18	219	12
18	212	9
18	213	7
18	214	4
18	215	4
18	208	1
18	211	5
18	509	1
18	510	1
18	501	3
18	502	6
18	227	4
18	226	12
18	225	8
18	224	6
18	254	10
18	255	5
18	252	10
18	253	10
18	250	4
18	251	9
24	326	11
24	375	4
24	137	1
24	136	1
24	138	1
24	7	1
24	8	2
24	130	1
24	15	2
24	19	15
24	18	7
24	21	9
24	20	16
24	22	3
24	313	2
24	317	2
24	316	1
24	319	27
24	318	16
24	426	2
24	343	1
24	479	1
24	341	3
24	207	1
24	340	11
24	206	1
24	339	18
24	338	9
24	203	1
24	337	7
24	202	1
24	336	6
24	197	4
24	350	1
24	196	4
24	349	1
24	198	1
24	327	10
24	324	13
24	325	16
24	322	16
24	323	19
24	320	25
24	321	18
24	334	14
24	335	6
24	332	11
24	333	17
24	330	5
24	331	9
24	328	10
24	329	16
24	373	11
24	372	6
24	374	6
24	369	8
24	368	4
24	234	2
24	371	5
24	233	4
24	370	9
24	380	3
24	382	2
24	496	6
24	377	3
24	497	5
24	379	14
24	378	3
24	357	6
24	495	10
24	358	14
24	494	5
24	359	15
24	488	3
24	485	2
24	364	11
24	127	7
24	365	8
24	126	6
24	487	3
24	366	7
24	125	4
24	486	2
24	367	11
24	124	3
24	481	1
24	360	7
24	123	1
24	361	1
24	362	9
24	363	15
33	297	6
33	298	1
33	273	3
33	272	1
33	414	1
33	413	1
33	281	1
33	287	1
33	262	3
33	266	3
33	455	4
33	267	5
33	454	2
33	264	3
33	265	7
33	268	14
33	269	7
33	517	2
33	311	1
33	288	1
33	296	5
33	299	1
33	537	4
33	536	10
33	302	2
33	303	3
11	103	4
11	511	1
11	138	1
11	110	4
11	111	3
11	108	2
11	109	5
11	106	1
11	133	5
11	107	1
11	132	4
11	104	13
11	134	1
11	105	10
11	119	1
11	118	2
12	137	11
12	136	8
12	408	2
12	139	4
12	409	1
12	138	11
12	141	5
12	140	5
12	142	1
12	406	1
12	133	5
12	407	1
12	132	4
12	135	4
12	405	1
12	134	7
12	384	1
12	150	1
12	517	1
12	518	4
12	519	3
12	512	3
12	444	1
12	513	2
12	174	4
12	310	1
12	520	2
12	293	1
12	188	1
12	294	1
12	189	1
12	541	4
12	180	1
12	181	1
12	204	2
12	339	1
12	338	1
12	468	1
12	466	1
12	464	1
12	345	1
12	463	2
12	462	2
12	461	1
12	460	1
12	81	1
12	457	1
12	82	1
12	93	3
12	92	1
12	95	1
12	94	1
12	452	1
12	451	2
12	509	1
12	103	3
12	510	1
12	511	4
12	369	1
12	99	1
12	381	1
12	110	9
12	501	1
12	380	1
12	111	12
12	108	3
12	109	5
12	228	1
12	106	1
12	227	1
12	107	2
12	226	1
12	104	4
12	225	1
12	119	6
12	118	6
12	117	2
12	116	1
12	353	1
12	114	2
12	354	1
12	113	7
12	112	6
12	127	1
12	126	2
12	125	1
12	124	8
12	123	7
12	242	1
12	361	1
12	122	9
12	362	1
12	121	5
12	120	10
12	241	1
12	514	1
12	193	1
12	194	1
12	25	1
12	146	1
12	207	1
12	206	1
12	153	1
12	154	2
12	186	1
12	184	1
12	185	1
12	453	1
13	285	1
13	284	1
13	17	4
13	16	1
13	18	3
13	22	1
13	309	2
13	311	1
13	310	4
13	315	1
13	316	1
13	303	2
13	338	1
13	326	1
13	85	1
13	327	2
13	86	1
13	93	1
13	335	1
13	92	1
13	95	2
13	94	2
13	330	3
13	328	1
13	103	1
13	372	1
13	371	1
13	370	1
13	383	1
13	377	2
13	104	1
13	378	4
13	119	7
13	127	2
13	126	4
13	125	5
13	124	3
13	121	1
13	120	6
13	410	2
13	411	1
13	408	5
13	409	5
13	141	1
13	140	1
13	412	1
13	413	1
13	129	4
13	131	1
13	130	6
13	133	6
13	132	2
13	407	1
13	134	7
13	145	2
13	146	3
13	384	1
13	149	1
13	150	3
13	151	1
13	186	2
13	187	2
13	428	1
13	188	1
13	189	1
13	177	1
13	182	1
13	205	2
13	206	1
13	472	1
13	471	2
13	468	9
13	466	5
13	467	14
13	220	1
13	221	3
13	462	5
13	222	2
13	461	6
13	460	1
13	218	1
13	219	1
13	212	2
13	449	2
13	510	1
13	505	1
13	506	1
13	500	1
13	496	1
13	498	2
13	493	1
13	495	1
13	494	3
13	491	1
13	249	1
13	244	2
13	245	1
13	258	1
13	223	1
13	160	1
35	326	1
35	325	1
35	319	1
6	137	1
6	136	1
6	138	1
6	143	2
6	142	1
6	131	2
6	305	1
6	175	1
6	174	1
6	521	1
6	523	2
6	541	1
6	297	1
6	540	1
6	298	1
6	197	2
6	196	1
6	77	6
6	78	14
6	79	13
6	74	4
6	75	6
6	85	5
6	220	2
6	84	10
6	87	7
6	222	1
6	86	8
6	223	1
6	81	10
6	80	9
6	83	15
6	456	1
6	82	17
6	93	6
6	92	13
6	95	8
6	453	2
6	94	2
6	452	2
6	89	9
6	88	11
6	91	15
6	90	11
6	102	2
6	103	8
6	100	12
6	101	8
6	98	10
6	99	12
6	97	9
6	500	2
6	111	1
6	501	2
6	108	4
6	228	1
6	227	2
6	107	4
6	104	8
6	105	4
6	114	6
6	248	1
6	247	1
6	415	1
6	393	1
6	392	1
6	522	1
6	291	2
6	296	1
6	416	2
6	206	1
6	201	2
6	202	2
6	221	1
6	459	1
6	458	1
6	208	1
6	209	1
6	96	4
6	232	1
6	110	1
6	230	1
6	109	1
6	118	1
6	353	1
6	354	1
6	123	1
17	511	5
17	512	6
17	117	2
17	513	2
17	114	1
17	113	1
17	112	1
17	444	1
17	514	1
17	179	1
17	111	1
17	192	1
20	266	1
20	267	1
20	291	1
20	292	1
20	295	1
20	342	5
20	341	6
20	350	1
20	349	5
20	348	5
20	347	12
20	346	12
20	345	14
20	344	4
20	119	1
20	118	1
20	352	5
20	353	1
20	354	5
20	127	1
20	126	1
20	125	2
20	123	7
20	122	5
20	121	2
20	120	2
20	138	2
20	140	3
20	128	1
20	400	2
20	131	2
20	401	1
20	130	2
20	133	5
20	135	1
20	134	4
20	395	3
20	152	2
20	394	3
20	393	6
20	154	3
20	392	1
20	155	4
20	399	1
20	156	2
20	398	1
20	157	2
20	396	3
20	144	1
20	145	5
20	146	7
20	147	11
20	148	4
20	149	6
20	390	2
20	150	4
20	151	2
20	171	4
20	170	2
20	169	2
20	168	4
20	172	4
20	163	5
20	161	1
20	167	5
20	166	1
20	165	2
20	164	11
20	425	6
20	424	4
20	187	2
20	427	2
20	426	2
20	190	1
20	191	3
20	188	9
20	189	7
20	417	2
20	182	4
20	423	1
20	205	11
20	204	16
20	207	8
20	206	2
20	201	3
20	200	9
20	203	8
20	197	2
20	196	1
20	199	5
20	198	3
20	192	1
20	195	1
20	220	2
20	221	1
20	222	3
20	223	1
20	216	1
20	217	1
20	219	1
20	212	8
20	213	11
20	214	2
20	208	7
20	449	1
20	210	2
20	211	11
20	227	5
20	226	1
20	225	1
20	255	3
20	252	1
20	251	1
20	202	2
20	228	2
27	256	7
27	257	5
27	226	9
27	143	1
27	283	3
27	282	1
27	286	1
27	192	2
27	195	1
27	284	3
27	259	1
27	218	1
27	219	2
27	305	1
27	304	4
27	238	1
27	237	1
27	236	2
27	235	3
27	515	4
27	227	2
27	225	4
27	290	1
27	252	6
27	291	1
27	253	2
27	250	2
27	191	5
27	251	3
27	246	1
27	245	1
27	240	1
27	303	5
27	241	1
27	289	1
27	514	2
27	407	1
27	255	2
27	214	1
27	215	1
27	243	1
15	69	2
15	70	2
15	64	1
15	66	4
15	67	4
15	78	1
15	79	1
15	133	2
15	72	1
15	132	3
15	87	1
15	86	1
15	524	2
15	106	1
15	105	1
15	55	6
15	54	2
15	57	8
15	56	4
15	242	1
15	63	3
15	62	3
15	61	1
15	60	2
15	241	1
23	402	1
23	403	2
23	400	1
23	401	1
23	395	8
23	394	15
23	393	8
23	392	3
23	399	2
23	263	1
23	398	1
23	397	1
23	396	2
23	391	3
23	390	2
23	445	2
23	446	11
23	311	1
23	447	16
23	432	11
23	433	2
23	437	1
23	438	1
23	425	14
23	424	6
23	427	5
23	426	8
23	429	5
23	428	6
23	431	10
23	430	5
23	417	7
23	418	3
23	421	5
23	420	1
23	423	1
23	422	3
23	343	1
23	342	3
23	341	2
23	207	1
23	206	1
23	470	1
23	468	1
23	349	2
23	469	2
23	348	3
23	347	2
23	346	1
23	345	1
23	221	1
23	461	3
23	222	2
23	457	1
23	212	1
23	213	2
23	452	2
23	451	1
23	449	2
23	448	7
23	211	1
23	126	1
23	125	3
23	123	1
23	122	1
22	207	1
22	406	2
22	394	1
22	393	1
22	458	1
22	457	2
22	456	1
22	453	1
22	452	1
22	451	1
22	305	1
22	441	1
22	304	1
22	238	1
22	513	1
22	514	1
22	44	1
22	45	1
22	534	1
22	416	1
22	540	1
22	419	3
22	418	3
22	420	1
22	539	1
22	288	1
22	12	1
22	442	1
22	438	1
25	274	2
25	273	3
25	272	2
25	279	1
25	278	1
25	277	3
25	283	1
25	282	3
25	281	5
25	280	1
25	287	8
25	286	5
25	285	3
25	15	2
25	284	2
25	16	1
25	256	11
25	257	2
25	262	1
25	21	1
25	20	1
25	267	1
25	271	1
25	268	3
25	269	3
25	516	5
25	305	3
25	517	12
25	304	6
25	307	2
25	306	4
25	309	3
25	308	3
25	514	1
25	311	4
25	515	2
25	310	7
25	524	1
25	523	1
25	288	3
25	289	3
25	535	10
25	290	3
25	291	3
25	292	4
25	293	9
25	294	6
25	295	2
25	296	6
25	297	4
25	298	6
25	299	8
25	537	3
25	300	9
25	536	21
25	301	14
25	302	19
25	303	8
25	334	2
25	127	3
25	125	6
25	124	5
25	129	12
25	128	15
25	131	4
25	130	11
25	133	3
25	132	2
25	404	1
25	134	1
25	395	1
25	394	1
25	144	1
25	149	2
25	426	1
25	417	1
25	418	1
25	220	1
25	222	2
25	223	2
25	218	1
25	456	1
25	219	1
25	212	3
25	455	1
25	214	1
25	215	1
25	209	1
25	210	1
25	239	1
25	238	1
25	234	2
25	233	2
25	229	4
25	228	5
25	227	2
25	226	4
25	225	1
25	254	3
25	255	9
25	253	1
25	250	3
25	251	1
25	249	2
25	247	1
25	242	11
25	243	11
25	468	1
25	467	1
25	185	1
34	410	3
34	408	1
34	409	4
34	415	3
34	406	1
34	405	1
34	459	1
34	458	1
34	457	2
34	456	8
34	266	1
34	455	9
34	453	2
34	265	2
34	452	5
34	270	5
34	451	1
34	271	1
34	450	3
34	268	2
34	269	2
34	440	2
34	509	1
34	441	9
34	510	2
34	442	11
34	443	4
34	504	6
34	513	9
34	505	12
34	514	8
34	506	12
34	507	10
34	503	5
34	417	2
34	416	7
34	419	5
34	418	2
34	454	2
37	69	1
37	442	1
37	443	1
37	99	1
37	428	1
37	90	1
36	400	2
36	395	1
36	393	1
36	399	2
36	396	2
36	513	3
36	445	5
36	514	3
36	446	8
36	447	6
36	432	10
36	433	3
36	425	11
36	424	18
36	427	15
36	426	11
36	429	10
36	428	3
36	431	6
36	430	4
36	423	13
36	422	5
36	478	1
36	343	2
36	479	2
36	342	10
36	341	5
36	351	11
36	350	7
36	349	7
36	348	7
36	347	8
36	346	10
36	464	1
36	345	15
36	465	2
36	344	4
36	457	2
36	456	1
36	454	6
36	453	6
36	452	3
36	451	3
36	449	5
36	448	5
36	508	7
36	509	7
36	504	12
36	369	3
36	505	12
36	368	2
36	506	11
36	371	1
36	507	9
36	503	4
36	382	1
36	377	1
36	379	1
36	356	12
36	492	1
36	357	8
36	358	3
36	359	14
36	352	9
36	353	5
36	491	1
36	354	9
36	355	8
36	360	17
36	361	8
36	483	1
36	362	9
36	363	1
36	510	2
36	403	1
36	511	1
36	512	1
31	229	1
38	68	2
38	69	2
38	64	2
38	55	3
38	54	2
38	59	3
38	58	5
38	57	12
38	56	3
38	63	3
38	62	1
38	61	6
38	60	4
38	70	1
